\\Weights for property-selection feature, generated with https://github.com/brmson/Sentence-selection
\\Trained on 1133 questions, 73986 properties
\\Cross-validation MRRs: [0.7078590373439065, 0.6239939196170289, 0.618378726480369, 0.6800265561623207, 0.6354744563621199]
\\Mean cross-validation MRR 0.653146539193
\\MRR on the whole training set: 0.690311310029
\\Learning constant alpha = 1e-07
\\Regularisation constant l = 0.005
4.248110434903695776e-02 -2.200941508462135945e-02 -3.969978519712522025e-02 3.704010673791073571e-02 -5.228177249955662936e-02 6.264828432886620710e-03 -4.827140197330741928e-02 -7.059612979208598760e-02 2.666412079348827457e-02 3.467231049755960942e-02 4.849318953421897886e-03 7.936454051123564835e-02 -2.922695398233114347e-03 3.628948254443712523e-02 2.783545668206372989e-02 -6.344105305111073789e-02 3.820457339225745430e-02 -4.169826290185547207e-02 -2.986144417671064352e-02 -2.168277862042025314e-02 5.964612841388832604e-02 -2.858193031665294190e-02 4.241507481188201700e-02 1.466257843950058426e-02 3.408590948277050170e-02 1.229291296670722081e-02 -6.889099245910099145e-02 -1.082857381876686925e-01 1.797648268667469997e-03 -3.266350170967475403e-02 1.351047215953498914e-01 -3.302453823277172462e-02 -6.216548659863401632e-02 -5.757083504590292111e-02 2.543508299718070988e-03 2.105324666979433226e-02 1.900844658913210250e-02 3.973281268273977374e-02 1.155748819373274457e-02 3.970260139162144764e-02 1.604516651781504044e-02 -1.485155208785643964e-02 2.852606819119728535e-02 -1.579982993163050862e-05 -4.139206743005533623e-02 6.384619880637520950e-02 2.243235095727011755e-02 -2.170119195950151805e-02 3.742396360231791536e-02 1.583071403528317836e-02
4.819312362717342868e-02 6.815313179333726268e-02 -1.212099902079090755e-02 -1.462343106856667414e-02 1.839378406038568239e-02 2.907890472534736814e-02 3.224651588611447597e-03 6.402003397008024232e-02 2.168892397524439450e-02 1.338168965322365962e-02 1.367532551846278388e-03 -4.835127016530075400e-02 4.009869133107610978e-02 -2.579287337438994007e-02 -1.739564218855894906e-02 4.252572526966844069e-02 1.809400470336436015e-02 -5.428866123106125541e-02 -2.705989839967901881e-03 3.718370789547447569e-02 -2.256038789474078612e-02 4.577448224192589427e-02 -6.494141418040828839e-02 3.340538964203412851e-05 4.922012604837120581e-02 3.134731124662020613e-02 1.143123897646963344e-01 -1.400786153590336848e-02 9.520407734567422559e-04 5.141335295175321340e-02 -8.896180665979989965e-03 7.432097902895939794e-03 2.407241597259023123e-03 1.085110531829896509e-02 7.445410763224549061e-03 -3.142354777073146782e-02 -4.585132983252479880e-03 3.505498352812420459e-03 7.304227323807883920e-02 2.754722160592998348e-02 -4.095732220262510159e-02 3.218210867116832758e-03 1.234146627576540763e-02 1.458462017298277520e-02 8.177796381335535394e-03 -1.046164230261587870e-02 1.768099298771786190e-02 -8.255936635348262720e-02 6.961346512840006773e-03 -1.569347734071169925e-02
3.120487135894487937e-02 -1.795259166879705588e-03 6.461170612466435315e-02 -9.609157419219149093e-03 -5.906521937761221447e-02 -3.799300958405980866e-02 5.677950527344170252e-03 -3.057044721389369155e-02 2.750904929960600043e-02 -3.789462778828087131e-02 3.865836018225186910e-02 7.763987732399556772e-03 3.483511939351079806e-02 -3.711162340528045833e-02 6.045745373712612530e-02 -3.586844263037371021e-03 8.843454199548118205e-03 -1.314780732657921600e-02 -6.580411673410696549e-02 2.481888584131189748e-02 -1.821992847213644087e-02 -6.510337699790878785e-02 3.714159132972100902e-02 -7.713061764800387132e-02 -1.646870157326304693e-02 -1.714576543711948328e-02 1.126246737700734501e-03 -7.510909707850377259e-02 1.405598671910489664e-02 6.873836270309147123e-02 1.015571840980862284e-01 -1.874055875819368930e-02 -9.027700601770247135e-02 4.993310023996767877e-02 2.127967090338430886e-02 -3.968694238573324679e-02 5.321028537342296916e-02 -2.006018553462601134e-02 8.115774474875658839e-02 -3.962360398866549520e-05 -1.967860246680197198e-02 -4.058604843525159128e-02 9.726569449018576674e-02 -3.328394053013945808e-02 -1.673733947827236654e-02 7.080198144648828509e-04 -1.769192984435005354e-04 3.095922231941155775e-02 6.229715862263184717e-02 3.785378826774737915e-02
3.066846002340941832e-02 -1.694657859304558173e-02 -5.070661271542504372e-02 1.152544591744422350e-02 5.079645401290492496e-02 1.676714491114567745e-02 -3.381971444546729572e-02 2.617749344738471221e-02 1.763379287759308731e-02 7.509087406255985676e-03 3.205387466314292555e-02 -3.127247610624610957e-02 1.031190301725374431e-02 -2.053839476401455102e-02 3.344102702193115645e-02 1.819851170107561478e-02 -7.097021401519174912e-03 2.291303691541265661e-02 -2.812195244282301304e-02 4.037138081540932871e-02 4.887788797435389798e-02 2.005351401811454604e-02 -1.076303477693453352e-02 4.330892551991670503e-02 -1.915104646164961580e-02 -4.129541550307619380e-02 -3.099262481869497279e-02 -2.280914040566943239e-03 9.172332128511930319e-03 -3.903834277688350562e-02 2.857156820237321398e-02 2.183084761934600548e-02 5.282739599480074794e-03 -1.366461884695146199e-02 4.962928763664548049e-02 1.716937309557511893e-02 1.193434268335215147e-02 1.119366700120016066e-02 -6.250382449414863817e-02 -6.565336746331386190e-03 -2.751783449706798890e-02 1.125199728809313932e-02 7.817777585229012532e-03 -9.997793101452437381e-02 2.366533646869249316e-02 -1.083362710059320756e-02 -4.406410080921997763e-02 -2.783994866153658571e-02 4.716884221394371766e-03 -2.914016251018176039e-03
2.347954996555660923e-02 2.817404999926562126e-02 -3.153197053731860702e-04 1.611894537656142351e-02 2.516163882814278011e-02 8.155629397851130169e-02 -2.829232062772531198e-02 1.778253606832774173e-03 2.404790082813380511e-02 -3.772592639116531792e-03 -1.400472957404159599e-02 5.660949752574533783e-02 -3.470895951851678263e-02 2.492063441242424460e-02 -1.541576948945157059e-03 -1.048897896447876892e-02 4.926376868125430242e-02 -1.782948008450791974e-02 -3.073200351244109729e-02 1.025761854861161060e-02 2.425063033243214650e-02 2.032799136533746526e-02 5.213038850004560361e-03 1.278169548482415959e-03 1.210233141952965323e-02 -5.535031034071734996e-02 -7.509143407816660891e-03 -2.292392079732498075e-02 -1.417054483851565121e-02 1.952238911792808507e-02 -5.891084269747775756e-03 -1.139329466231981704e-02 4.309616140698733361e-02 -2.806284928580755553e-02 -1.978010503419713392e-02 -1.636036178822979081e-02 -5.917545743924736146e-02 1.904357465314690176e-02 1.871746296887843389e-03 -1.294618826648006281e-02 4.886902610515366820e-03 7.439280781068473292e-02 -5.438614638626590447e-03 -4.683961794590207894e-02 3.297022103154875067e-02 -1.654572155760796609e-02 -3.862393393845406364e-02 -4.024521057610207231e-02 -1.361879210342911706e-02 4.174886376983746872e-02
-3.377124151746862049e-03 1.382648522309962158e-02 1.234818705471746499e-04 2.135425286716238769e-02 4.590073392462790114e-02 7.132380326641749035e-02 2.884365287929186936e-02 -1.314961202685422693e-02 -2.541064260518036480e-02 3.173424603316570697e-02 -1.294300569936989234e-02 7.273350477560860949e-02 5.656722837682533027e-03 3.987830104335846060e-02 -1.314104419075055007e-02 -1.414981296718976350e-02 -3.136400030658047927e-02 7.410442881321233077e-02 4.076303638037055005e-02 -2.331217955107301593e-02 -3.053567646070391023e-02 2.196358162811170786e-02 -1.874577674923694551e-02 3.641466306026455019e-02 2.560366237102172995e-02 -5.331627945653577560e-02 -2.038487813714656011e-02 3.061521794695499718e-02 3.826288188553169517e-02 1.972793854715803458e-02 4.683574879883353748e-02 6.194042643704038287e-03 7.784249856344446772e-02 2.295884749066853456e-02 -1.841526447127959931e-02 3.273016453673837506e-02 -5.536445447991759916e-02 -8.687056954260630875e-03 -2.784136336274614654e-02 -5.886448528216135789e-02 4.782616210871967755e-02 3.008744464600380739e-02 -2.250200689077803615e-02 6.686218853938843965e-02 -4.859065963537303741e-04 8.812038769975672967e-03 -1.729897343280551586e-02 2.564382567892659059e-02 -8.082331924135464224e-03 5.065759398616895282e-02
-4.125679836251332916e-02 -2.783379164639908712e-02 1.609461733517988241e-02 -3.625932127227968205e-02 -4.332912514457027547e-02 -1.692805527323390166e-02 3.902251949026608324e-02 -9.305595219842525967e-02 -4.691291156169812016e-02 -2.333270936816611227e-02 -2.561650226738907896e-02 2.651020743140159244e-02 -2.364498400977975770e-02 2.654822995619485551e-02 -3.573279908821228035e-02 -2.982056724642040413e-02 -2.466292293777976909e-03 6.152767237429707103e-02 -1.770694061562263708e-02 5.457102540481966607e-03 -7.456552933543661443e-02 -8.662587299048604694e-03 1.308766773101415273e-02 -3.341606274443876395e-02 1.442312569704392797e-02 2.172761723297368316e-02 -2.698735151193996581e-02 4.461560968641557767e-02 2.401300672260607907e-02 5.345769598995047354e-03 -3.035570773149889184e-03 -9.761535062900358536e-03 4.369197984843398164e-02 5.004432516457651449e-03 -1.568134346175784760e-02 4.763859422749824185e-02 -3.406816438508167982e-02 -2.777272322176770059e-02 5.573863474093164981e-03 2.792879076616023790e-02 -1.094548664436005743e-02 4.715745510225968079e-02 -1.118391213614426845e-02 4.186747552956673890e-02 -7.234955810951604338e-02 4.338610106189218565e-03 6.568567463916978599e-02 4.291750710163137056e-03 -1.554301876740943680e-02 -9.095422698942319528e-03
-8.025209342184992309e-03 -3.454721054470473451e-02 -7.608417936051325992e-02 1.512926788069124395e-02 7.451191145494495682e-02 -1.737100966861279336e-02 3.676258041363357487e-02 3.188340895917150808e-02 -9.578514534822451729e-03 -3.091556395004716948e-03 8.742837949846718471e-03 -1.318218590200784072e-02 2.073793636471001414e-02 1.548438053652405159e-02 -8.776153191177735180e-03 1.406127562831158834e-02 -4.537590188243259548e-02 2.172573816260009102e-02 3.096731660458526894e-02 1.941923382002007023e-02 -1.062415298287300476e-02 4.369282558670275346e-02 -5.317173561581403640e-02 1.243139672989626576e-02 9.114413080056152708e-03 7.433525333868691229e-03 1.081080935703685082e-02 3.169640029150293942e-02 2.542399166000356911e-02 -4.705883839095083461e-03 -6.850883182160372176e-02 -8.996032024737454433e-03 2.186896718235234807e-02 -5.897998014688998758e-02 1.463881647373483502e-02 5.623988809491035912e-02 3.631885922481863094e-02 -6.319092903341936088e-03 -6.975652228900319426e-03 9.163800883230717453e-03 -5.598187374366366161e-03 2.331232570407642396e-02 -2.983662601586151847e-02 -2.603458061730051093e-02 9.158034245313462218e-02 1.308104089481101906e-02 5.313648645278944670e-03 8.040411443425102972e-03 1.443282244437102055e-02 6.351333751473972611e-02
3.285762002689011571e-03 -2.498981984730594755e-02 3.603856459791279776e-02 -3.746213939769872138e-03 -7.585081787188506508e-02 -3.314047391686187477e-02 -5.385055170444145306e-02 -5.035918085845666331e-02 5.028273452643229613e-02 1.382762054997593013e-04 1.446646943181435600e-02 3.004571553297075148e-02 -3.290510491545094954e-03 7.732300137292653919e-03 1.433666886930990043e-02 -5.528582461147290433e-02 4.687957001983947269e-02 -2.952492090594571045e-02 -6.449734786340712012e-02 1.628561895713858537e-02 1.953039929373071373e-02 -1.013453431742512671e-02 5.077273677660169154e-02 -9.136073874126893202e-02 1.789508076380202928e-02 -7.647966258380705686e-03 -1.006287288922839626e-02 -5.702402848973263383e-02 -4.369341271518100561e-02 -2.062276010505416889e-03 3.789190816320545802e-02 -4.950522734628776123e-02 -4.220859660392720092e-02 -6.052873051597522369e-02 -2.464375448667527682e-02 -1.329248038258372920e-03 4.894398000390686072e-03 8.856882154231486906e-03 7.945407550428373877e-02 5.729465571935758034e-02 -1.425184976348868073e-02 4.842177124995842435e-02 1.254797453822942450e-02 -6.222901216543529068e-02 -4.658300596853222342e-02 -6.664374282239578966e-04 -1.649836214310019394e-03 -9.133889647029250561e-03 8.730064584987835136e-03 4.309414846078212825e-03
-8.116527856855376699e-02 2.689733270580186436e-02 3.076062255873213483e-02 -4.857496143980333247e-02 -5.229034524376113824e-02 3.557501030295112665e-02 -1.680628465045575642e-02 -4.387591408699367118e-02 -4.204271429409914967e-02 1.079478808258385186e-01 -7.953918290219981870e-04 -1.103861887504655435e-02 1.500771291081601060e-02 2.503911640121014165e-02 -9.786064063308055547e-03 -2.542597999947122933e-02 1.335147977961863471e-02 7.274043881936233247e-02 -3.644673921760481928e-03 -3.797919222031787001e-02 9.238085981198546071e-03 3.228510805473772116e-02 2.639624108077490150e-02 2.086745468827817460e-02 -1.726410841412825276e-02 -4.663690628735495808e-03 -9.042135997808074810e-02 4.368846028765359032e-03 -4.563796738843731854e-02 -4.437899902562203458e-02 3.628725633723739463e-02 2.844064411508198664e-02 4.263534918864584494e-02 1.055481388407447955e-03 1.688254479334725180e-02 6.747194690631736456e-03 -5.836384238688601886e-03 -1.658752837568481728e-02 -3.404918474145184754e-02 -3.823785680842103213e-02 1.211387474825842588e-02 3.242804940111548156e-02 -4.263652503346473943e-02 2.925341454806561214e-02 -7.092769131461175436e-02 -9.942453046751925649e-03 -6.103689176215415339e-03 2.895300363470606347e-02 -9.811567777836197046e-02 -2.614655067573732651e-03
-1.477848521056057858e-02 3.145740466448949252e-02 -3.825552001077666547e-02 6.786655618944872903e-02 5.213626092119375000e-02 6.160346312853093309e-02 -3.995382532702732720e-02 6.795715022283026208e-02 2.533833230619024490e-02 -2.192062865697353910e-02 4.071320249117822004e-02 2.062020182106465496e-02 -3.157923907789836337e-02 8.388415096753330802e-03 -4.032177595495674977e-02 3.879060423587337662e-03 6.384789014111494181e-03 -2.674878705920125804e-02 -1.791382735229074541e-02 -1.218178795531999099e-02 -4.258616202608399466e-03 3.265384731963085624e-02 -1.873932443080090007e-02 2.468289357704486764e-02 -2.066636333806877099e-02 -7.117118633522571958e-02 1.754594729927685254e-02 -3.282759229462040712e-02 -4.123494032575490686e-02 -2.364373779342422374e-04 -3.010517056103146748e-03 1.565393879495615218e-03 3.385868543535464070e-02 -2.163046036007933506e-02 3.075928604076313272e-02 -3.776713666026340621e-02 -2.724317213655185616e-02 9.300850468651786912e-03 1.781551980383716885e-02 1.240144448212061878e-02 1.725924777516110037e-02 5.810794086442078871e-02 -2.326133932620778194e-02 -5.914034872520135960e-02 1.083342359003112432e-01 8.931571234798081280e-03 -5.803416801112790124e-02 -3.098656334340473342e-02 -2.731424254114099646e-03 2.481489481225331029e-02
-5.371247589035588882e-02 -4.013827171887942441e-03 1.061486129519271897e-02 -6.978465162458670316e-03 2.963728714280039131e-02 5.509725834261981758e-02 -1.024454220293844441e-02 3.858751449533352751e-02 -5.034654870868398441e-02 -1.456894907878601188e-02 -3.416822033267041120e-02 5.279329261324666039e-02 -6.404342249950363553e-02 1.701990581414971129e-02 -2.646000421367029204e-02 -2.391880914909672376e-02 2.594775365861918398e-02 4.929940979882008190e-02 2.079739386663055287e-02 -3.429206391081360272e-02 3.573758532763313817e-02 3.449553006381547021e-02 1.658841576614109199e-03 -4.065778685863998335e-03 -2.493643826003260483e-02 -9.010001186231852977e-02 3.422897487336211582e-03 2.320012921396140404e-02 -5.386647791372412702e-02 -4.384425448952473242e-02 -4.742245368175522502e-02 2.092568656755334003e-02 7.510839406455974143e-02 1.072146604530059208e-02 -1.284434176349500897e-02 -1.247969040146571992e-02 -9.837873508613207557e-03 3.566899418481795508e-02 -3.036011336486746023e-02 -4.483132855358171881e-02 3.642695896756468349e-02 5.249402919782233945e-02 -1.958979045964505047e-02 -3.523686857078402873e-02 4.593402758570130917e-02 -2.198504783173326274e-02 -9.898995706675166317e-02 4.444585718085225512e-02 -4.554338005825118302e-02 7.298429872471433322e-02
5.684707951932968864e-03 7.058356807816941469e-02 -8.717943009481730204e-03 -4.088158806178712745e-02 -1.258477313033055239e-02 1.082126999005032265e-02 -5.488130993319005613e-02 -5.956770986812211233e-02 -5.624799818639414709e-03 -4.256473529374555677e-03 9.217850650327793442e-04 -5.185039244282418740e-03 4.315195608790357851e-02 1.039893030004426094e-02 3.465324876530243015e-03 2.630133238893821862e-02 1.457191319581746178e-02 -3.667905952026349198e-03 -1.969669052342366486e-02 3.243286693932734971e-02 -1.743361039583509603e-02 -1.791252272273734930e-02 -1.228395579688779105e-02 6.593992111265202039e-04 3.233751686448869261e-02 1.851573228906205643e-03 -5.677733895232742883e-02 -1.118968927574175674e-02 5.786340796733537711e-02 3.277570504561058001e-02 9.935237488864008537e-02 1.959008600470968451e-03 -1.088548069978611567e-02 2.826919942912691636e-02 -8.939408176063846911e-03 -1.778213384463326469e-03 -3.431174543017246475e-02 1.450623326338301537e-02 4.983304397240838346e-02 3.364802031792590853e-02 -1.731798327099937432e-02 9.520351183115106225e-03 -7.320949186710080762e-03 2.753132767762132838e-02 -3.181437760142005744e-02 1.978087813016067911e-02 4.479826135528495318e-02 -4.284247173584629365e-02 -3.751119467811598295e-03 -4.542647733765315353e-03
-5.491314068856247010e-02 -2.688836713862889638e-02 1.271585305439587761e-02 -1.009399299132819790e-02 -3.430625774440644593e-02 6.703617211768617135e-02 7.525640610594606233e-03 -1.743678362967482354e-02 -1.972759413606190240e-02 4.352718347520970199e-02 6.454180129562264029e-03 4.876990287021684689e-02 -5.351233364025129169e-02 5.991752406019792802e-03 -6.286641762879723733e-03 -7.994483723816125931e-02 5.721894256555026120e-02 -6.398143897524940019e-03 -1.728964434047272278e-02 -1.077728563467149347e-02 7.871795667164831201e-03 7.728587267586509157e-02 5.426435354349294637e-02 -7.480960245915208029e-02 2.448490763274322954e-02 -6.661384621602881029e-02 -2.328082257080158271e-02 -5.741356847749351511e-02 -1.604020967788637175e-01 -4.555829741590979032e-02 -1.679499489095423459e-02 -7.417089263504920982e-02 -1.122442141419455544e-02 -5.822591744248428736e-02 -3.400562498283941221e-02 -2.654796064568735320e-02 4.818262942686608180e-02 -1.552343886663088562e-02 -1.788079963022398342e-02 3.014333908657999654e-03 3.283640163883245339e-02 8.828690209369213782e-02 -2.491877190400994257e-02 -8.222472048823235846e-02 6.533735022728465527e-03 -5.415109599867721363e-02 -7.913066992028158775e-02 1.230377942864139748e-02 -5.555553494500146267e-02 2.524503040114809208e-02
4.162275310094481345e-02 1.376486602614521160e-02 2.286565166256940285e-02 -6.776085079702217316e-03 1.624485794625113791e-02 -1.268334747174083496e-02 2.035981818562519058e-02 5.977081245577194057e-02 7.549960042470728197e-04 6.245901650541067079e-02 -1.345970563418829452e-02 -3.076686267965756186e-02 4.052863753106582950e-02 -1.481233320710487016e-02 1.111262303500352433e-01 2.670944341299650790e-02 -6.683711943055276397e-03 -8.375180643594180852e-02 4.370205575329231401e-02 4.055837047353110110e-04 6.748887095654089452e-02 -1.554800940755747193e-02 2.846698182190178852e-02 -1.587364202714008216e-02 -4.195300255205984714e-03 1.908369791711491889e-02 2.823812367531368817e-03 -9.583404777627341220e-03 -1.481861759836692639e-02 1.926846356753978556e-02 -2.490177238919188615e-02 -1.442220372106927002e-02 -8.595216639175259909e-02 4.318465284930862735e-02 7.662583155385585196e-03 -3.790916269608471389e-02 7.693233876123398152e-02 2.205818863430534030e-02 -1.895308232094912101e-02 -3.636335527112483090e-02 -7.207926442340599829e-03 -5.070703000728469384e-02 3.705165600794912278e-02 -1.274108910050204650e-02 4.512951504469053625e-03 -2.042611275518228103e-02 -4.081887677909429996e-02 5.650585443120566959e-02 5.688224060395935186e-03 -2.389604940575724631e-02
4.008516667503198017e-02 3.093068297770756175e-02 -4.236274762021001450e-02 2.605003365918433580e-02 6.101283584133209564e-03 -2.328436119757966785e-02 -4.544643156937803324e-02 3.117779468358154379e-02 1.659480833785775475e-02 -3.989655490214119235e-03 3.307498306274762358e-03 -4.565151377053866533e-02 1.610782366052211992e-02 5.404510044314666910e-03 3.635002725941674506e-02 3.244828633781870336e-02 9.161311414450383842e-03 -7.511665916313410400e-03 -1.379045136338153885e-02 -3.282089382579218059e-03 2.459156589159098780e-02 -3.518556164860912622e-03 -2.094404829202394305e-02 3.385856157749458223e-02 -9.586908350596069425e-03 2.384324434308585094e-02 1.195308907255882014e-02 -5.832786179048168179e-03 3.848201186789595996e-02 3.831900492507924610e-02 2.952375337438729874e-02 2.319217504587753678e-02 -1.440350668462512737e-02 -4.044535099372803533e-03 3.705829001563781810e-02 -8.121592725134782476e-03 -1.175035148327076978e-02 3.216049319670769013e-02 1.567120907520133666e-02 1.392040543755209379e-02 -5.395015264783201148e-02 -2.050016361347311092e-02 1.033206783858327781e-02 3.555604321997716654e-03 1.331822600173777904e-02 1.964054732701710215e-02 -3.568422882609870520e-03 -2.484362654501854131e-02 1.053371398704720102e-02 -7.534855787960275178e-03
-5.128534509299787630e-02 2.161899491400456549e-02 -1.984028096602692692e-02 -2.226458064513749807e-02 -2.558278587524301720e-02 1.983078593115932681e-02 -2.212379226198900317e-02 -4.608990114855970877e-02 -4.463607005989206344e-02 -1.912623086490411461e-02 -4.678879692135782392e-02 2.295294724702751435e-02 -8.969346628899411977e-02 1.442383148924781047e-02 6.869127214620511512e-03 -3.548684616639373457e-02 8.740265839063290909e-02 3.780262621674124190e-02 -3.870361934239398283e-02 5.637196211234528700e-04 2.043850981098681296e-03 -8.481952495180187721e-03 2.586288273598365620e-02 5.478464239054805195e-03 -9.097058962396698673e-03 -4.211509736618673089e-02 -6.059170261983350125e-02 4.538094779473832163e-02 -4.179192856474758105e-02 -2.686656310496407518e-02 5.455843824637711392e-02 -1.031303255002477721e-02 9.219953074094856815e-02 -6.181410484729012861e-02 -6.450847810643201008e-02 6.557900659594145809e-02 -2.656612176838095418e-02 6.759631758218850872e-02 -4.346987130730015775e-02 2.614778040358317970e-02 1.192207661941659634e-02 6.692536756983337443e-02 -3.689088638145893856e-02 -9.067497274461126452e-03 -4.058675210993521743e-02 -2.681550191018765988e-02 -4.767158736164398003e-02 -7.105373715226450879e-03 -5.166636445332006139e-02 -1.330412651720610032e-02
-3.825443696614121841e-02 -1.101053229286470987e-02 1.405952780863037321e-02 -4.279472904557869717e-02 -5.355581436034589221e-02 2.198409702438934923e-02 -6.727448222216840870e-03 -3.706012066642680458e-02 -1.480620236184574529e-02 -3.058559987821680981e-02 -1.578809741152632437e-02 1.476862738062160139e-02 -3.405693824878079645e-02 6.408501447070715992e-03 -5.343317006628841431e-02 -1.221387505213157587e-02 4.519713086852735623e-02 5.739043005187787622e-02 -1.068392275831672907e-02 -1.269143184310871433e-02 1.893477931489031272e-03 -3.170859954101464678e-02 5.492723458344755082e-03 -1.844460026859664255e-03 -1.599591739314694394e-02 -1.714962509917561384e-02 -3.864909564402694425e-02 2.654592292610313820e-02 2.314213478924540338e-02 -2.208786573823485685e-02 -6.540732533313751984e-02 2.251623023840005483e-02 4.132563575680128082e-02 1.433132929640598165e-02 -2.673258483689733636e-02 1.775800723986014143e-02 -6.401835107152645254e-02 5.355518966853856089e-02 -5.231397133254143440e-03 3.076509111883698674e-02 3.279009320203644788e-04 1.589364395464690910e-02 2.650137123251762941e-02 1.697892396746161769e-02 -1.858888422123616824e-02 -1.189167342791545325e-02 -1.819627507086947482e-02 -2.010373927615892106e-02 -2.361944817332831820e-02 -1.981863347625373653e-02
1.519010534320516977e-02 -2.403809167727731164e-02 2.391209398032986821e-02 1.658263195485807154e-02 -2.963086066165123572e-02 1.058681521183587118e-02 -5.969652461727334436e-02 -4.424189370745547356e-03 -8.410242835089825481e-03 -2.504468668407577869e-02 8.933571188194870671e-03 3.884750547486853084e-02 -2.274947544081319661e-02 -2.838419616072824277e-03 -1.489126252265932961e-02 1.193272658099624357e-02 -9.608934054280928241e-03 8.184092150514744347e-04 4.911057035244734831e-02 -1.401248614296170605e-02 -1.801792617293169682e-02 3.854587116308785810e-02 4.940985207394764725e-03 -7.210286230681141068e-04 -4.241899071446147973e-03 -8.566508674708496127e-03 3.255006799890404479e-02 -2.130177141783264755e-02 1.747937781765475720e-02 8.296703665273536671e-03 -3.794017193815782396e-02 4.984238036811171335e-02 -8.405177326821717046e-03 3.162245577911915184e-02 -3.841111323502214431e-02 -4.447372952537561458e-02 -1.052159544629071158e-01 -4.786081569043987988e-02 7.690417364076927720e-02 1.928140602273032550e-02 -5.976167446970350816e-04 2.946544767506814599e-02 -1.717821123974124647e-02 4.229309738655544909e-02 6.882141129606047722e-03 -4.184784272477232170e-03 -1.415433921732370780e-02 8.205626342406997439e-03 -3.639348905522601929e-03 -3.502333518296125037e-03
2.197512556946185081e-02 2.014361433895333828e-02 -7.626986892525040862e-02 5.543634388909961068e-03 3.605237380747824960e-02 9.935083116075304685e-03 -2.099879269343260524e-02 2.999014637496838498e-02 -1.039147655163031626e-02 1.209865093474678938e-02 3.557575192332215579e-03 -1.382912441194761310e-02 1.826366157311742552e-02 -4.690581086927175130e-05 1.771716395687718618e-02 -1.057079347034695430e-02 2.319573539235724249e-02 -5.235055740567810811e-02 2.345475982393637870e-03 9.152041996277891431e-03 2.344132783691168023e-02 1.652759542477386101e-02 1.374568469308781911e-02 3.229531084905153809e-02 2.891724808392255944e-02 8.375826406066501015e-03 -1.387449581137619251e-02 -1.814036895846342368e-02 1.012990480136705422e-03 -2.670594384192085877e-02 2.234275169237921743e-02 3.079292359686316722e-03 -3.280862553066610232e-02 -7.395079342520059773e-03 -1.320683561117495103e-02 -2.082472173447303190e-02 1.652080503822226775e-03 3.632574917934478648e-02 -1.018985711712178978e-02 8.094492525511877076e-03 -1.147420564545559079e-03 -3.915074491819753311e-02 1.037136087449508533e-02 -2.039379038459374419e-02 4.115568760320939545e-02 5.351810022252124870e-03 -7.894748300594563173e-03 -4.079797294186518486e-02 4.051628424543876617e-02 -2.575254285210328009e-02
1.053199108165559471e-02 -1.955122655565105436e-02 4.614649683795040563e-02 -2.073996691202108569e-02 -5.321940292076791923e-02 -2.911622221055509482e-02 -8.133979967668937550e-02 3.047469229108065031e-02 3.393368448356242489e-02 3.966917475875410271e-02 1.597101332413086022e-02 -7.800664723671147001e-03 2.270346245663642029e-02 -3.368142192355592576e-03 4.565339971948186720e-02 -1.552060519587994750e-02 7.564749100175666326e-03 -3.964967338673833913e-02 8.886785654261956588e-03 -2.047920024345721568e-02 1.076386410517574249e-01 -3.053850841772753552e-02 4.082264549397746772e-02 -9.051221704255431322e-02 -4.000311216292828237e-02 9.198447533061752945e-03 -2.131947761082710405e-02 -5.128977985934564388e-02 -4.056025613181059308e-02 -2.203476052017438319e-02 -1.848177917274323317e-02 4.023119191782792425e-02 -7.198846779038435562e-02 3.201910445383245735e-02 -2.129646163173686338e-02 -4.333684324299123813e-02 3.999395138516501427e-03 5.007455884155545545e-02 3.986671152003951751e-02 -2.014102176609075534e-02 -2.510496339515693245e-02 -5.791748949436040933e-02 -2.406254392511626098e-03 -1.354447351643103294e-02 -3.235337544304679042e-02 -2.089575688798023592e-02 -5.696423807420861879e-02 6.015211987134897603e-02 -4.026623049980319197e-02 -3.184094512849934555e-02
-3.055080554231611942e-02 -2.230607995340288391e-02 -9.390741151332501410e-03 -1.267912939221729242e-02 1.869736161110780934e-02 6.298230341823475575e-02 4.194958372567259008e-02 7.978886412725533575e-03 -3.531698704806841144e-02 3.543110885645291835e-02 -5.990914385062575537e-03 4.286767198521913846e-02 -9.251245614199321565e-03 4.838250396565454969e-02 -6.581810568186442778e-02 -2.671892515007312160e-02 2.066577451953682809e-03 4.287599845781797647e-02 5.216383444679194986e-02 -3.747888515365158102e-02 -6.037521899707259769e-03 5.943594290143056069e-02 1.582859652553808213e-02 4.210604751237641274e-02 1.699065587432305527e-02 -3.506179156398855912e-02 2.699288091807916512e-03 2.586590904352684822e-02 2.143944378540865378e-02 -4.645888201474852874e-02 -2.321430180859949260e-02 1.601158529955436227e-02 3.996246717840571533e-02 -1.318896116245558969e-02 -6.959812042185980520e-03 1.444197451757738004e-02 -3.715159490906003864e-02 -6.720189539920157738e-03 -7.046143892299026879e-02 -4.694987560747396205e-02 4.004344403077337439e-02 8.878614191692921903e-03 1.272998315519338619e-02 1.928673092869884545e-02 2.623606916487842763e-02 -3.251216974129336745e-02 -1.692954239622997820e-02 3.367667826994683641e-03 -2.073093183495639501e-03 2.681882263916936585e-02
-2.678794809671353541e-02 2.354014225735830135e-02 2.431647346834669640e-02 3.409715152770399077e-02 1.903538180320936976e-03 -3.340730523328709622e-02 -2.771109095675763564e-02 -5.823142761454062032e-03 -1.041556548943222554e-02 1.689381261038203769e-02 -2.142300014727937379e-02 2.766440655187536041e-02 -2.244952514801173277e-02 9.042861243764448859e-03 1.087016347181044007e-01 -4.152147676966496531e-02 -1.096869462502070465e-02 -1.773166042751153290e-02 -2.306361812801405869e-02 3.576754905243620386e-02 1.090589482815225789e-02 6.059436769308645075e-03 5.478470306619215996e-02 -5.945808358970824242e-02 1.301201032476131947e-02 -4.806078074391108290e-02 -2.247130095055216090e-02 2.110749447571478882e-03 -7.012401599749601422e-02 4.026106918075583220e-03 5.390140748438443374e-02 -4.664008975682804037e-02 -3.382964113306417830e-02 8.766838192439475918e-04 -2.440725290231667011e-02 -2.966805293911331780e-03 5.916679986936426716e-02 -8.438273229424349568e-04 3.209255376294464605e-03 -6.253126308759794638e-02 1.740668280183915381e-02 2.934732593223119551e-02 -2.668142099245693344e-02 -8.104197755273691295e-02 -1.834076423215603296e-02 -1.698775480580401107e-02 -2.760267762097575947e-02 6.529858318491296720e-02 7.614164543602097018e-03 5.693216025911138067e-02
-1.439382345006845997e-02 4.870225324830012442e-02 -9.460240166940862838e-02 -1.024777911212252854e-02 8.319126473480607797e-02 7.097030872165686899e-02 -3.346917802996490082e-02 4.386292425058991445e-02 -1.346473311941832028e-02 -2.178357232368886495e-02 -2.867203011706208338e-02 -5.107140380784865909e-03 -6.336491620456717599e-02 -8.443424104148831641e-04 1.910353490319912978e-03 -8.415250714109192773e-03 4.787351488420272388e-02 1.636952226953801090e-02 -2.359095594491801215e-02 1.058592175600231531e-03 2.216604612639195768e-02 5.243132642093376039e-02 -2.112884335138694170e-02 7.995573926349147653e-02 1.653473002859238636e-02 -1.045608387534278511e-01 -9.447031197672692282e-02 1.797780646238981983e-02 -7.840232403876001149e-03 -5.205415872347411016e-02 2.072238147824166654e-03 3.152753944255180102e-02 2.800278080085924146e-02 -5.679782601107233320e-02 -1.649295978827964096e-02 9.252633761499831633e-03 -1.421658628523475749e-02 4.397798685941518154e-02 -6.669984856660785000e-02 -2.911426338380366380e-02 7.753551156329975026e-03 3.359209560370864794e-02 -4.727468595869302459e-02 -6.115755339974646154e-02 8.582598926047599330e-02 1.746074455546360203e-03 -5.594847738100258705e-02 -5.267485585075014354e-02 -7.077487195291119575e-03 1.923203379643008762e-02
9.779307131062683813e-04 1.593594583271407475e-02 -3.574504907551123711e-02 -8.383896915000316891e-03 3.589012117695834087e-02 4.455221660605588468e-02 1.118511896761470621e-02 1.326977568103315450e-02 -4.006291520224415127e-03 2.897535273756784643e-02 -1.383793960593520701e-02 3.790586970006821349e-02 -6.130939029473816797e-03 1.663628139140804069e-02 -2.960681024004872472e-02 -1.165836634070779171e-02 1.302535497556147129e-02 8.015560712406265623e-03 2.854071309735185455e-02 7.810788985104555153e-03 2.730688132122007666e-04 4.008669104010246370e-02 -1.995822675902106727e-02 1.221986004496960002e-02 3.812573114077296571e-02 -4.983688262980226491e-02 -4.064881629644376791e-03 1.338683421186114171e-02 1.038244453431761034e-02 -1.068308410474739546e-02 2.472684618163598080e-02 -2.130907488361478280e-02 1.859686572437640323e-02 -4.293596366712495310e-02 -2.525959984850821571e-02 1.195412685470709745e-02 7.454843015035183661e-04 4.721607347699177670e-03 -2.919525035712103658e-02 2.252472249252482090e-03 1.674878359079032611e-02 1.379816638051650432e-02 -3.029808201892188538e-02 2.677096385572724432e-02 4.972736709710496271e-03 5.983884223600556551e-03 -2.212863420949801041e-02 1.738216953645206966e-02 -1.877397084500992755e-02 1.955557628062140965e-02
-1.128498939348534201e-02 -1.255695210711983700e-02 -1.525022321630295974e-03 9.779113394757715100e-03 -1.112448103693428059e-02 -7.733723261296150675e-02 -9.452289181920972214e-03 -1.558893487049994864e-02 -4.901773248059553695e-02 -6.628349948518287571e-02 1.729082764672303096e-02 -5.010273608656305028e-02 2.332737010400118619e-02 4.205951959061864087e-03 -9.269075273983356719e-03 5.359613503814416452e-02 -6.800668268955170626e-02 2.645297088606182387e-02 1.903478610200871890e-02 -2.629599968623942598e-03 -2.088205226387618296e-02 -2.141169174048240809e-02 1.176848650508524087e-02 5.266731498549383390e-03 -5.002531996244809903e-02 9.243312390650369748e-02 -3.021542595714630380e-02 2.278783748320328123e-02 5.770995720561179765e-02 2.626959346362143372e-02 -2.929797903990136263e-03 2.771616026500353311e-02 -1.382617071008144551e-02 7.835286321129421305e-02 3.570341792872627762e-02 3.778760545078520879e-03 1.341457628990803258e-02 -3.878741670156005128e-02 9.921980446482263002e-03 -1.961739904238416973e-02 -1.287937051347540565e-02 -6.116613902117476465e-02 -2.944051288885257689e-02 -6.806712889668784308e-03 3.913670146673765837e-02 2.960162448071864782e-04 5.193631312616284884e-02 -1.454129928012795614e-02 4.132865342446772478e-02 1.261339556847041951e-02
2.378762892733988707e-03 -1.236101544985705302e-03 -6.164714405452422462e-03 -2.931787262211292110e-03 8.233239205369524694e-02 -4.405092998637683693e-02 6.646013010097247264e-02 -3.564694123115563079e-02 -5.770457662195268428e-02 -9.829490093492485037e-02 -8.857054359911275751e-03 2.498141712672295386e-02 -1.222941291428557460e-02 9.793649354405214134e-04 2.315704214354558088e-02 3.167946083291958703e-02 -3.247625933756834171e-02 6.564775855486680578e-02 -5.939136012613513427e-02 4.463953659104093197e-02 -5.881606373116179259e-02 -1.149344715775031667e-02 -1.437427824215381511e-02 -7.136484510766920308e-02 2.570494350199607411e-02 -2.034934667874206682e-02 1.170560861763185745e-01 8.677785109764057925e-02 3.491370230025295229e-02 3.022856741367763167e-02 -3.647296774529480115e-05 -2.137360653139294339e-02 3.502910902628349199e-02 -3.225167094891694900e-03 8.407380129596078331e-04 7.110112035975907352e-02 8.174013385426534550e-02 4.777324555099411035e-02 -1.408625053011376043e-03 -1.428528754042547068e-02 8.216934500573187458e-03 3.601228598376473439e-02 1.955075593711772149e-03 -4.461481406312878262e-02 3.355064016424139789e-02 -3.057298273439012018e-02 9.305598742178049915e-03 -5.373849174442044130e-02 7.471846271856007193e-02 9.090209531290266431e-02
1.620301444471091562e-02 7.923029962407564936e-03 2.095503014292360994e-02 6.352942087444482522e-03 -7.849466196191473566e-02 -4.178128308881998154e-02 -2.863092765785301211e-02 -6.521977891903768532e-02 2.103496994280716972e-02 -4.938047267868527802e-03 -7.270204208162800961e-03 -1.147947777033954744e-02 3.547510321046148246e-03 -3.722264816170979193e-03 1.388018237247028511e-02 -2.846986963372381569e-03 1.070570825952154963e-02 3.294658477288555688e-03 -4.850878385647048457e-02 1.979806970096067639e-02 -4.001156966176003943e-02 -2.492524492331598188e-02 2.321202705708532571e-02 7.760468338012014612e-03 1.368558843659682146e-02 7.387577431559898267e-02 4.879788819055012319e-04 -7.477629393060715446e-03 3.040827410340288944e-03 4.417990012331685090e-02 1.581179496704582937e-02 -3.407476524846819038e-02 -1.024005111507705901e-02 -5.567373865510647987e-03 2.931733739483024029e-02 1.635397869837832210e-02 6.940311671750236389e-03 -1.697428565888669041e-02 2.684154957568641447e-02 3.259762266610798792e-02 -2.036716369141392674e-02 1.065712567993747258e-02 3.914610035653500776e-03 8.041030376582429529e-03 -8.073937013580338717e-02 3.961401719391901416e-02 6.115074434101849810e-02 -2.057961224268941777e-02 1.572684538864765197e-02 -1.383137924847779171e-02
6.820626205264307927e-03 -5.838974998137653506e-03 -5.190895015344257346e-02 1.846774152757765797e-02 9.928940306745924482e-03 -3.695313232496941214e-02 -5.931899826457599431e-04 6.918997461992685942e-03 2.647634089999727561e-03 4.175777333979071443e-02 -1.640831099714568780e-02 -7.437726974814068415e-02 4.347485764277171649e-02 1.534137753764503939e-02 -9.577265692664463717e-03 5.302761917424822502e-02 -3.630028096476594496e-02 5.201079494492284044e-02 5.065506342814448532e-02 -3.395901077860032091e-02 -7.733397264777687984e-03 -1.388792713927409182e-02 -5.700600328583914356e-02 1.258226314261051693e-01 -2.083979980675903718e-02 8.206317874229633602e-02 -6.398097406290506606e-02 5.471698954483627392e-02 1.236558846541951640e-01 2.604185272832800629e-02 -3.999491623478856200e-02 3.984824747130757960e-02 2.826782868584369612e-02 -1.548219496564283253e-02 5.263733391109613052e-02 4.735395405295418636e-02 -5.190307388453453685e-02 -1.160664389889199018e-02 -4.889668927902274254e-02 2.641464485590528180e-05 -3.947931966834830608e-02 -5.129333722784237826e-02 -2.244440934040293698e-02 1.165274678770431144e-01 -1.999567682615932540e-02 6.856180244859581829e-02 5.394804017162777021e-02 5.741119854954337617e-03 -1.443148427262535421e-02 -4.226332220035764614e-02
2.495957720359784360e-02 -5.931994334270575958e-03 6.049013402409577495e-02 3.158977074943512819e-02 -5.564083503842367356e-02 -4.053130264448522035e-02 -3.296487287076147864e-03 5.143366521504281997e-05 6.839305564382194835e-02 2.039073235113982724e-03 4.281113355713694890e-02 -3.244394731669354714e-03 4.612827892686027081e-02 -1.644630705966614037e-02 -2.327025092111466992e-02 5.220966505982574044e-03 -1.159835622499562000e-02 -9.124766781258987491e-02 2.050682187048511601e-02 1.685952460412522280e-02 -6.037594028766987697e-02 -2.043916022366585455e-02 1.815129778160568669e-02 -6.684178402691330623e-02 3.390352722510962813e-02 7.377205910822587365e-02 8.925453843419547950e-02 -4.683404505934547768e-02 -1.232447895794386294e-02 8.348517003189903640e-02 -4.162117094298556363e-02 -6.433078510200775091e-02 -6.466136936278796266e-02 2.035747884645763839e-02 -2.933684778198438620e-02 -6.448499560365110461e-02 -2.974043343650138033e-02 -3.331370387183816423e-02 1.258049958474619645e-01 6.866705068157138991e-02 8.149193279919038357e-03 -1.774516071974904796e-02 1.754058635182851461e-02 4.808616579581010547e-02 -7.095683857168088443e-03 -8.200338727440753192e-04 5.330526552688765601e-02 6.178218697289127558e-04 4.065437833627326414e-02 -4.854326954887108747e-02
9.571776761835316949e-02 4.820146763673818779e-02 7.689230958760419343e-02 3.688998660183760020e-02 7.027760047957641587e-02 3.187003191984821848e-02 7.156414585541849560e-02 1.322247107305411506e-01 1.173271387562114798e-01 1.146329308014273074e-01 -6.522074835177818497e-02 -4.551423259306710406e-02 -7.381780583334460709e-03 -5.780811559560802143e-02 1.584761617579224027e-02 -3.720804328225902485e-03 5.532709963201760256e-02 -2.442021516405752310e-02 -8.061843023903773886e-02 2.276791807908500748e-03 -4.350060473781502263e-02 2.057688922690724398e-02 -2.650580489921293068e-02 -4.350057521206660005e-02 3.315573139761299887e-02 -6.693904980862411258e-02 1.844363298815335783e-01 1.104230373485643041e-01 -6.683572434976471632e-02 -8.891809498114900540e-03 -1.475770672299241415e-01 7.722926348309462619e-03 5.405553427100379116e-02 -1.348397199633733778e-01 1.320681768668015808e-02 2.746210544021107647e-02 5.350531675255455061e-02 2.687235899142799075e-02 -5.853216980180833001e-02 -2.221287053842454715e-02 -3.182621137581025106e-02 7.861677861853166860e-02 -2.825564946490994114e-02 3.977829124267634464e-02 -1.404848222347252970e-02 1.689116858228490933e-02 -8.331958143890919044e-02 8.354669862048330620e-02 -9.842971130666305912e-02 -4.658783706045609846e-02
-2.458095637321550814e-02 -7.866857183422484856e-02 2.188335908037336922e-02 -5.069843370737162069e-02 2.014382948641419216e-02 -6.499474850496659954e-03 4.551834151021299374e-02 -3.586547715516222312e-02 -8.396289290126109084e-02 -3.159940633730844162e-02 -4.062029223146795126e-02 -2.632249482853183178e-02 -6.453477590001649965e-03 -2.892868411072869149e-03 5.223357413272379512e-02 8.129543165941119712e-03 -1.782187464272219982e-02 1.346089853841292983e-01 1.203430056056841238e-02 -1.014556583155860198e-02 -2.100550915721512493e-02 6.661489939398784928e-03 -1.076877544465528955e-02 2.732348921472381453e-02 -5.271482065145477458e-02 -2.520672106573625462e-02 2.909268676344775595e-02 7.766002542137731557e-02 4.919664425873230412e-02 -3.246857777322630784e-02 -2.830394252327350646e-02 1.089943621020815490e-01 6.037018846122447352e-02 1.352357879897270881e-02 2.057101975928482193e-02 8.968345165718039080e-02 -2.043013802689814563e-03 5.622481674615605052e-03 -4.044992969014093304e-02 -5.487742465592312241e-02 -5.190202759982581737e-02 4.448274608935228608e-02 4.146790478500309018e-02 1.623032365630180940e-02 -3.155828391936503496e-02 -3.845994689455651400e-02 -3.848478587248019972e-02 8.832968067128708911e-03 5.332207310936087907e-03 5.619780237031599818e-02
7.419142987398701095e-03 -4.749931679532786583e-03 3.954275007759078253e-02 -6.148317844862458831e-02 -3.264559560350311501e-02 -1.437298444900722214e-02 3.066565014628185384e-02 -1.523046722127407819e-02 -1.266591807312244036e-02 -3.432226465032889307e-02 -3.025451786447740099e-02 -2.809481796950750662e-02 3.181830533515713627e-02 6.468220428844975375e-03 -6.276679884645622320e-02 1.339699489769824794e-02 1.191406032957954310e-02 8.168267077320741365e-02 -1.820856020383319201e-02 7.559863030067147122e-04 -3.918557068778460301e-02 -2.825055482646183364e-02 -6.548551303246776326e-03 -1.430473755320428413e-02 -1.501233193485553181e-02 5.760679736877307583e-02 3.543462028888690052e-02 6.928383150664460532e-02 6.555019102597603453e-02 2.103219892240664607e-02 -9.860593526211162974e-02 4.883250308986535060e-02 5.758938429342529836e-02 4.151281180286880979e-02 2.578713754071124825e-02 4.217222823114757935e-02 -3.073785992710697038e-02 2.592123927641752645e-02 1.040553295973041352e-02 -4.446926842821490033e-03 -3.008129331503443110e-02 -6.329294888680695071e-03 2.509721455842141291e-02 3.052692293562959611e-02 -1.957098393777385176e-02 -2.513007393342007664e-03 2.276037361962069891e-02 4.713057429866628935e-03 -1.782053840051975920e-03 1.710714971617074628e-02
-3.074968856812057474e-03 -6.738407753605837880e-02 3.889532672718110790e-02 -5.135796449952164701e-03 -2.446811994427968220e-02 -3.730314806186087878e-02 3.316550775555789782e-02 -6.810608777001528336e-02 -4.523334671084350798e-03 4.410028801443473256e-02 4.396279729585785695e-02 1.054191580108927891e-02 8.560378612323578384e-02 1.097970955420477478e-02 4.950297872378248837e-02 -6.831024665265609738e-03 -5.144440539459079614e-02 5.116576851243652413e-02 4.460779950639797570e-02 -1.828745978442674128e-02 1.886430270239173451e-02 -2.471142208341692639e-02 -2.802511257712743224e-03 -4.833267438479677686e-02 1.419500917863434318e-02 3.249227238810313556e-02 1.210939424273070608e-02 -4.616401552071201266e-03 4.224067219090621265e-03 2.989031591745862360e-02 6.346403429201816215e-02 -4.009543593001194117e-02 -3.153285194516828455e-02 4.854961281252610089e-02 -7.246769690662571532e-03 1.087221835019407633e-02 4.220171157776711479e-02 -3.919841330877044117e-02 4.252611975563179436e-02 1.012997979748517935e-02 1.751837611394391203e-02 6.790225276697013006e-05 3.698549413187413731e-02 9.979638481652495542e-04 -4.780403111000450234e-02 -5.120241582464152633e-03 1.186084036004314730e-02 5.306366903170957328e-02 2.271914343813918533e-02 2.993142593532752138e-02
1.056132664225401451e-03 6.723665335693287948e-02 -3.520274529993747820e-02 2.899130876528027874e-03 7.517690905221061093e-02 -6.622474500324809082e-03 6.363515606725250739e-02 3.735420012634126097e-02 2.236348669244343518e-03 -3.010478566755482241e-02 -9.174541900931252811e-03 -4.656032007236559495e-02 4.036327944387536198e-02 2.510441672443427044e-02 -2.103427848104155728e-02 2.941565717153460380e-02 -1.182535178184679001e-02 1.939823749095732214e-02 -3.489029195970139163e-02 -5.630902441856122133e-03 -8.872400543537798875e-03 -1.126029434335029666e-02 -3.797361041749206662e-02 1.443551432918779853e-02 -2.134140085807536939e-03 7.162657311888271511e-03 -7.974872624497059137e-03 3.157786917155801926e-02 2.373780586106879337e-02 3.210771545454855352e-02 2.926019294149949379e-02 2.459494518303059762e-02 2.267502940340614809e-02 3.807802477833732973e-03 6.679102133648694151e-02 3.294472738616642526e-02 4.881936127378486839e-02 5.166137812591020673e-02 -5.765832723233223212e-02 -5.554980260189422425e-02 -1.946756907089682020e-02 -2.731835745476105665e-02 1.738545482418556512e-02 -7.697109217805828650e-03 2.541092890273397714e-02 3.166205162559233063e-03 3.429053984800186500e-02 -2.380942743764854694e-02 2.082066802050315524e-02 2.880011089070173835e-02
-2.421684433825606331e-02 5.222073490792917411e-03 -1.907368292189712267e-02 -3.284241158091013441e-02 1.745255934280309090e-02 -9.459969373551266672e-03 1.878829842621113425e-02 4.096087480697359340e-02 -6.357164619615474077e-02 -6.142923311713587714e-02 -5.232783988111987944e-02 -3.927171492784150425e-02 -5.885187222805607354e-02 -1.509567622968238480e-02 -3.404224368782066829e-02 9.323072771155066843e-03 2.376471140016461758e-02 4.825969701005500267e-02 -1.337480135608595626e-02 -9.604048776963547765e-03 -1.869434354309624374e-02 1.896354402410590362e-03 -1.076808043272807144e-02 1.344416525865452586e-02 -4.318769891294925445e-02 5.428496445130871935e-03 -1.580516324112597043e-02 6.678824650722632594e-02 3.272352601064733215e-03 -4.594978928551299996e-02 -1.331494174995027369e-01 5.033402426523759382e-02 4.719294895553569069e-02 9.288939343594015616e-03 -1.025649020910060147e-02 3.627510853355801757e-02 6.571295491253151440e-03 3.845873357925584657e-02 -5.130515863737244303e-02 -3.745555675833975393e-03 -1.675445804332661298e-02 -8.298321653602657236e-03 -2.917099195496764691e-02 7.344983808217466284e-03 5.792985450289690058e-02 -1.920619869562563420e-02 -4.733015382375189983e-02 -1.206064602706144288e-02 -3.993817215904334195e-02 -8.879259285109231820e-03
3.089931214656407854e-03 4.189057897551217574e-02 -2.312879323887635091e-02 -5.573543553230543221e-03 6.222189279753170127e-02 -2.751682344541116904e-02 4.651577935178110440e-02 6.429404466367825977e-02 -7.282544230754014157e-03 -1.799627084681715977e-02 -2.719525995675843230e-02 -1.559684086460803518e-02 -1.549789139426240546e-02 2.985506048155589509e-03 1.358863514401134967e-02 -3.848264036325971423e-03 7.830662797890974164e-03 -5.839392262476199996e-02 -3.878234586610435769e-02 1.999793257089791179e-02 5.072806394154614346e-03 2.759943419277470847e-02 -1.349657801566880779e-03 -8.129019310940896470e-02 1.604771138953974344e-02 -5.205137504940925836e-02 -1.147964772488724479e-02 1.429048512489365652e-02 -5.765783976922141812e-02 -6.916930949395548242e-03 -6.176716725735680383e-03 -4.454660600158085598e-02 -3.368871865431517787e-02 -4.559467158050956731e-02 7.828415011659910910e-03 -2.601406917917314324e-03 1.068144411084794160e-01 1.277815581996947884e-02 -2.743931625180603615e-02 -2.390497425798158992e-02 -6.670223724980707709e-03 2.111897152360766791e-02 -2.516581068041295194e-02 -7.989555535204018177e-02 5.884412092853655296e-02 -2.256323138150168744e-02 -2.120448873130512460e-02 1.593232489230638621e-02 -4.631258982344293768e-04 3.114437798796842322e-02
-2.720849730031261321e-02 2.605878900311348750e-02 -2.953574927921967519e-02 3.143567252683278357e-02 1.814119168792284811e-02 -1.116477808234756473e-02 -2.838147975045132720e-02 1.832436042981225310e-02 1.972906183370197464e-02 7.961470790298600872e-03 1.776616129841943059e-02 3.935688622567571487e-02 -7.383738869994852135e-03 2.115524637596141386e-02 -5.053569017909704478e-04 -1.255243794810131756e-02 1.158421438781163763e-02 -2.280252078618080769e-02 1.769250481790945236e-03 1.209748918433108285e-02 5.072274589660183408e-02 -1.519046011428252380e-02 -5.091926078139105000e-02 -3.622701842125310850e-02 5.555545168833106624e-03 -5.910680423410776679e-03 2.551505449753272911e-02 -2.444294060358669779e-02 -6.061089798965447334e-02 -8.732930928424934014e-03 1.261793140800021411e-02 -4.161263916889131574e-03 2.175186166153146583e-02 -2.305909448562610750e-02 -2.440604462988646070e-02 2.839380368335088500e-02 8.168421725206098660e-03 8.521311791377869649e-02 2.729885654699999373e-02 1.565774312223873824e-02 1.677825553504485104e-02 2.149055465177630159e-02 -2.939030763387643491e-02 -1.231160957854787394e-02 -3.888727580449215931e-02 -1.197680299011004597e-02 -1.254904808106094109e-02 -1.329965100034891622e-02 -1.409325904355824936e-02 2.652985008137444343e-03
-1.651766026637851298e-02 1.620469320175619080e-02 3.030730441499698835e-02 -1.899151283145036201e-02 -3.601844831837482802e-02 5.074789730668080416e-03 -2.861835661963928884e-02 2.487060200089224668e-02 -6.278598371350463218e-03 -1.045250688363184681e-02 3.780572030987838783e-02 3.005434930897473225e-02 -1.277142180503042235e-02 -7.795720537890683290e-03 -2.826544267531743912e-02 3.552278388296232353e-02 6.572022440068386526e-03 -2.327635416054935069e-02 -3.454448238612292839e-03 -3.170188917947818624e-02 2.005481528417756357e-02 -5.305871210218984779e-02 -1.388059983944774436e-02 -1.753085683917871701e-02 -2.528706926619710832e-02 -2.735100123467833211e-02 2.602498356284166023e-02 -9.741839977539891449e-03 3.918269725559819783e-02 3.796042094084074031e-02 6.316528872880153300e-02 -1.148136530685985902e-02 3.387335292485155191e-02 4.182427555353290111e-02 -2.911031456598929187e-02 -5.285022177913942243e-02 -3.534111252323470648e-02 1.343644888068480691e-03 8.232190956827420414e-02 4.460497621113215794e-02 2.280835867094903324e-02 -7.469353751662158487e-03 1.604660069444503040e-02 1.169946905784768551e-02 5.383100595629385088e-02 1.735947608807812334e-02 -1.097121668900367941e-02 -6.818465399602504848e-03 -2.582963551213164968e-02 1.813570380032049692e-02
-1.023201267930237864e-02 1.384473150679002736e-02 -5.863384222343388102e-02 2.776502620333677271e-02 -1.823510679651412641e-02 -1.065324825810146786e-02 -8.476414918456674774e-02 2.585131951848384894e-03 2.456183645896162573e-02 -1.459623971310461572e-02 3.028354202254018857e-02 3.439581597383514072e-02 -3.073084029539981457e-02 1.411890646712936868e-02 -3.110005867938730670e-02 -2.521967786737655884e-02 3.365356243575291090e-02 -8.284867446491019083e-02 -1.208960523882415122e-02 1.303436697663265531e-03 2.764810100909451465e-02 1.630510611255587411e-02 -1.916783363016412792e-02 -3.964272661037128442e-02 5.112219459604137178e-02 -2.388059374434486903e-02 1.528071317216047036e-03 -6.081664665997971869e-02 -4.001472938461789891e-02 -3.403433145025672873e-02 6.898854546454627479e-02 -3.728083107610798141e-02 -4.393609124871357408e-02 -4.223781533277590899e-02 -5.527930267866632691e-02 -3.112781854004650559e-02 -2.622487097236381876e-02 2.617641070075640494e-02 7.291883219127612281e-02 9.131578904203824232e-02 1.064578649764177064e-02 2.393641905664710065e-02 -4.385577111243636056e-02 -3.613475951194635577e-02 3.685315558722507701e-03 2.752678826081098734e-02 1.553723985622315791e-02 -5.932159082570552522e-02 -4.575296484862132612e-03 -4.198176267724398891e-02
-2.321705638242067132e-02 2.177287544316208398e-02 -3.612756336854205247e-02 8.621318507889174504e-03 2.655680304762494601e-02 5.217854040987676689e-02 -6.728734783391668306e-02 9.509445251565563570e-03 -1.892407246188328434e-03 -1.298214403570153129e-02 3.444633008599611024e-02 6.309235346857415550e-02 -4.120046123927195020e-02 -4.920071201808551460e-03 -2.426436006412502344e-02 -1.357023978409954180e-02 2.008657335052192326e-04 2.414255706662750411e-02 -2.454127469762834926e-02 2.218286625127863926e-02 1.186545022537311908e-02 1.576564673267737832e-02 -2.960708924485007734e-02 2.274820442916416011e-02 3.324990279121965014e-03 -1.009163272772533038e-01 -4.673872368521705262e-02 -2.776163723825947685e-02 -1.581932879878965303e-02 -3.251136709647894918e-02 7.731088760411509997e-02 -7.262450614621028706e-03 3.781960859775777839e-02 5.009324255475574618e-03 -1.427951902698148742e-02 -7.930288328587119934e-03 -1.851049846900428356e-02 7.743189351591395469e-04 6.859172520517580612e-03 -2.924268083005696333e-03 4.708786942248656404e-02 2.718477018537261009e-02 -4.184139106087718385e-02 -5.192664024581373355e-02 4.573213990240932586e-02 5.656292985735506505e-03 -3.996136706425802709e-02 -6.677134983260503767e-03 -1.578028841126869267e-02 4.740894275821162102e-02
-1.809601257170763422e-02 1.635030877833210800e-02 2.105878461341682481e-02 -5.559210412512220756e-02 -4.186822775930968549e-02 4.997917129851287693e-02 -1.718315360006850145e-02 -3.847871937848518914e-02 -1.357321042817095057e-02 -3.882314548405158515e-03 -1.686030579494589504e-03 3.321412687404193959e-02 -1.701345370893284428e-02 5.338521728573425267e-03 -3.310030325004031243e-02 -3.426311944251664299e-02 9.237107270554199834e-02 5.170933924374230758e-03 -3.388595644219867531e-02 1.421084530598768110e-02 1.902420869878256732e-02 -9.702861148290732249e-03 3.169027338090488893e-02 -5.543322710051610397e-02 1.965221646006702627e-02 -3.657877009382087125e-02 1.744375508003677693e-04 -1.519848042980301295e-02 -3.791283307232035105e-02 -3.461049058551009944e-02 4.152845541156707787e-02 -1.158702396044011557e-03 -2.337905284908966847e-04 2.301083699345481820e-02 -5.319440460749871868e-02 -1.421126483904227873e-03 -1.462613357712716673e-02 6.310514283795816415e-02 2.706322240224510317e-02 2.932644346269159402e-02 1.378202656208226372e-02 2.683869331288937093e-02 2.265900053078117107e-02 -4.501608446013546233e-02 -4.341579619030475762e-02 -3.930051816471638593e-02 -3.736499454399029585e-02 -1.615793159771492654e-02 -2.528930187618844486e-02 -8.496209226913312151e-03
-7.680671195256868859e-03 1.254730148840037078e-02 -2.263698985020039939e-02 -1.371614742635999216e-02 1.129925027814172173e-02 4.713790536787519636e-03 3.791453207968911721e-02 -2.921621641148242424e-02 -1.918098044757535897e-02 -2.246660072466057784e-02 1.317233606763575614e-02 1.659840499734242802e-02 2.359675814107622255e-02 8.600472413347085357e-03 -1.502457754475651844e-02 1.122730169969431147e-02 -9.090477224845584445e-03 -1.033404937447092095e-02 1.604122009091454859e-02 -2.347893685819180815e-02 -3.103688212209963077e-02 -4.758232614965299950e-02 -1.946562947699273169e-02 5.117956948942742335e-02 1.323408179458103982e-02 1.581601767079997625e-02 -2.886051219047095287e-02 -9.450286660061228347e-03 6.028916879300251497e-02 2.549832939775159568e-02 6.023306636307342726e-02 -1.336560221426912271e-03 -1.041690346827586246e-03 3.042527624046806670e-02 3.410871155487968376e-02 1.603705107092153262e-02 9.582382325366272519e-04 2.098429809644198132e-02 -2.843690933871830667e-02 1.979269038740593539e-02 2.118592274410109610e-02 -3.526855816518793818e-02 6.207814599830782654e-02 6.571696764364781673e-02 -2.056303869185703223e-02 3.314026431774543674e-02 4.902262750712189227e-02 -6.621743340826645799e-03 4.622831655388107142e-02 -2.993336663010530765e-02
-3.317022779705659785e-02 -8.057620256641150752e-03 -1.165161924916984816e-02 -2.952450712498654734e-02 -9.709212132326535197e-03 -2.686727015485784395e-02 1.766271377062762077e-02 -6.594664843018058220e-02 -1.960829504305032500e-02 3.703557130920394347e-02 -3.297318574899818500e-02 5.194364431742900037e-03 2.455560676105512236e-02 4.111933568061840183e-02 1.193360845364783811e-02 2.627348266836292481e-03 -3.405463020119216949e-02 6.500413676852033473e-02 3.530457578740023999e-02 -2.626397261734938777e-03 -2.080339748790053025e-02 1.698276273962963032e-02 -6.032041502305212494e-02 5.282503033621990113e-02 4.767424826372514135e-02 2.229540065961411327e-02 -2.559902419377021662e-02 3.377064802426222451e-02 5.468814639038546699e-02 1.028084314769161199e-02 -7.422903027590407182e-03 -2.142868276132198213e-02 4.115607079191738876e-02 -2.188334297772458886e-02 1.302065726201233516e-02 5.045187155531768303e-02 -1.301518231050886008e-02 -2.068116509079729465e-02 -1.380133318712293417e-02 1.893209027762086244e-02 -8.531212786546142277e-03 4.304275674072290114e-02 -2.183313497090505137e-03 7.273971462136941124e-02 -5.866145872180974358e-02 2.265519052484448945e-02 8.037355409792035221e-02 -5.688189331077573956e-03 -1.783615871659456273e-02 3.120951683426406373e-02
-1.881844644118165974e-02 -1.375284685133012184e-02 -1.949461569069623011e-03 -5.903667464633806719e-03 -2.442695397360022946e-02 1.560367036678973231e-02 -5.683642509271410667e-03 7.528055121381586716e-03 -2.313627588096634283e-02 -4.649189637115770483e-03 2.172369303305952265e-02 1.735100662947014483e-02 -4.384220115440101706e-02 -1.459522292724217511e-02 -3.455046550550845003e-02 4.251228534770127611e-03 -1.604305573608675456e-02 -5.631895888156480262e-03 2.278935872172449875e-02 -4.265165632037997041e-03 -8.375541100390106186e-03 4.129986483380293505e-02 2.386414210554869877e-03 -5.504987436006014527e-03 2.153822019363135776e-02 -3.388981865464073956e-02 -9.424391547583409884e-03 -1.294082409323938504e-02 -1.616827203251814532e-02 -4.260328867711864025e-03 -8.626301177782937091e-03 -6.755534406144032833e-02 -1.129669776824833438e-03 -2.712164665156096069e-02 -5.952073687749705883e-02 -4.100458316117591012e-02 -2.662642688702610005e-02 -5.400685794639670245e-02 3.943057822468220425e-02 5.240214634663303839e-02 3.055607178433487545e-02 1.158553278093834085e-02 -3.962512080685746951e-02 4.379723203144741776e-03 5.566205153700149594e-02 -7.414978793062374472e-03 -1.144207458614593213e-02 -4.194524844546276832e-02 -3.885945234090596584e-02 -1.347741188954376147e-02
-2.892518607341663245e-02 4.725909438354467668e-02 -4.807217005590339043e-02 -4.604857738401989947e-02 6.299970907511576179e-02 2.386728892865815858e-03 -2.936362393290829417e-02 1.283562214982933609e-02 -3.721024809246897130e-02 -2.409043981668240741e-02 2.413248895401357876e-03 -3.815275720726038489e-02 -4.259624404181493185e-02 -3.895401531531585138e-02 2.021779388468319255e-02 2.336031678000068112e-02 -1.363589724970463817e-02 3.474776949871587889e-02 -4.808042696138347533e-02 5.521682673499697831e-03 9.892702872111249282e-03 -1.549258558872620810e-02 -2.447974572415642647e-02 3.786406624899783108e-02 -1.941422194899860773e-02 -1.057917333291090445e-01 -1.026426799753117347e-01 4.199365774567074411e-02 5.334201701734384363e-03 -5.325598015088488929e-02 1.219109210962032730e-01 4.680155656922851265e-04 1.863888452775405366e-02 -2.278964609638776950e-02 7.620076061133081169e-03 4.542509555654346450e-03 3.755853203236452637e-02 1.336887539989404204e-02 -6.021738250704374018e-02 -2.888332099031597558e-02 9.383638062877851281e-04 -2.556677949516408116e-02 -4.752478318173581490e-02 -3.852021482111824685e-02 3.947009470513587054e-02 6.967711263075852465e-03 -3.850933135436429827e-03 -1.361529105860719881e-02 -4.826719493345953821e-02 -6.417057790519531228e-03
2.117770515229918781e-03 2.303309716050797040e-02 -1.688663729492921248e-02 -1.297595134472906940e-02 1.444994847133593101e-02 -1.348504005889209455e-02 5.518535363811910566e-02 3.093079503744697312e-02 -6.762427289948530137e-03 5.892303889983120831e-03 -9.343619841881558934e-05 -5.615742548057676281e-02 1.557061614692386090e-02 -2.076595122689275930e-02 -3.219748021739829436e-02 3.032359478780795314e-02 -3.442218737999451494e-02 1.822724619408531976e-02 -2.135500342589103512e-02 -7.557775673240234478e-03 -3.463409998864606237e-02 -9.826567412748901491e-04 -2.399895014564635415e-02 1.978560687987817104e-02 -5.297921448223186572e-03 5.506850190833430941e-02 2.788935771547031844e-02 3.461624921249872172e-02 1.374859903560841576e-02 1.797154996709824162e-02 -1.860351505697580704e-02 -1.848288603586807069e-03 9.834272784471010526e-03 1.454445876558980305e-03 5.983133723405936050e-02 5.983276905251872640e-03 6.252409203775195767e-02 -2.334938103369990636e-02 -4.089292575379271932e-02 -1.226945777341406467e-02 -2.829814585579961891e-02 -5.373009206049776665e-02 -2.209618583052024715e-02 3.531373819955978266e-02 3.245114259912430885e-03 3.083306761790663084e-02 4.946804524163144617e-02 -1.214490035220154932e-02 -2.440192106697778793e-02 -1.785547251277904215e-02
-3.258408075576519486e-02 -4.644054959862897042e-02 1.653052365609390673e-02 -1.467799701535129307e-02 -5.662372175231212418e-02 -3.237140006681666488e-02 -5.998977296867821080e-02 -4.950677155197275719e-02 -8.478892602931999492e-03 1.825921442163488950e-02 3.081381393652796175e-02 3.615033904003056575e-02 -2.387052828937490448e-02 -2.824448750067489258e-02 4.636151497834115759e-02 -2.454410221796331573e-02 -1.606648682855171470e-02 3.302136431515879673e-03 -4.083502898375201279e-02 3.744720869813408792e-02 -4.000668484352399440e-02 1.410924666917836960e-02 3.908249734606605158e-02 -4.881971661603043758e-03 8.306133419187011757e-03 -2.038620587872691514e-02 -3.235755203667911584e-02 -2.051159790008459313e-02 -5.258632719586707471e-02 -8.161542811008764414e-03 2.334956189237625407e-02 -6.108851735984296288e-02 1.499321346809750002e-02 -1.341818481739974478e-02 1.479078783285508493e-02 2.101889623622988333e-03 1.515437367369030369e-02 -5.129908337581071121e-02 9.249257514330973956e-03 3.348619224470345684e-02 1.970142206925044881e-02 6.009622747581960800e-02 3.365359031321818624e-05 -4.294782845901839313e-02 -1.600037577921321549e-02 2.048851638707001321e-02 1.615244923558972062e-02 5.149140824607786188e-02 -3.096321121361262502e-02 1.527343210373960543e-02
-2.114710757135705721e-02 4.849193959706311896e-02 -2.649152762100517866e-02 -2.035420599381707486e-03 3.667788314668758015e-02 3.557074715442087864e-02 -4.861345276693260220e-02 1.037902947981945642e-02 2.384076386340305831e-03 -2.842375600679381345e-02 -1.301928668496064173e-02 3.060247207662072227e-02 -4.757788560667420424e-02 1.069024216461519558e-02 2.925304098627017416e-02 -1.972873385990045816e-02 5.423303874168531463e-02 -3.092553111304658861e-02 -4.947435847965175881e-02 1.474641439100786173e-03 2.247828402635667841e-02 5.464853018679835875e-03 1.033891851578805539e-02 3.940359551201497862e-02 -5.121226704288446563e-03 -8.195030186146586015e-02 -8.875939181016979929e-02 -3.929364881860055586e-02 -2.918662683484677875e-02 8.636382491376739384e-03 7.541738572168396604e-02 -3.673604192546401259e-04 2.739578132580666042e-02 -2.762945796092358339e-02 -2.444416467157448179e-03 -1.888895500294348467e-02 -1.077926533148402567e-02 2.676773933977500200e-02 -2.841571734779294381e-02 -2.049021348782885388e-02 1.629985125564682030e-02 4.908292730437397583e-02 -1.979266157721286477e-03 -5.649790904196769908e-02 2.575080624091460532e-02 6.202280169356794333e-03 -4.047911119506706484e-02 -3.648803476139786395e-02 1.251166062924899576e-02 2.974101338160838742e-02
-8.139673099331111092e-03 -3.313600519546089362e-02 1.520352739519610988e-02 -4.369391969905209866e-02 -2.672320170453202064e-03 1.794501229727168620e-02 4.601979365100295621e-02 4.474265414659826801e-02 -1.386435707545747784e-02 -4.768978857561608636e-03 -3.286359952368425597e-02 8.051890589045507599e-03 -1.824913725019485303e-02 2.817408595006929990e-03 -8.031453777534473815e-02 1.781775650586126664e-02 3.701701849436796199e-02 2.083758385556043480e-02 3.429699583572737298e-02 -1.101090737619704607e-02 7.819941463191287800e-03 4.151082760731016758e-03 6.874151397453173891e-03 -1.771351935459861485e-02 -1.778204269233803203e-02 -7.127527869876046883e-03 2.164997991060849114e-02 7.157143488602157877e-02 4.454670674784338286e-02 -1.512383604832698812e-02 -1.480494882302185733e-01 4.153658825915380187e-02 5.902526997206546111e-02 -1.932821525576484826e-03 -2.347617089080117000e-02 1.172581111570170087e-02 -6.103485446553289645e-02 3.039024499015157213e-02 -2.962203672713057540e-02 -1.819442473468498023e-02 3.501923262650590615e-04 5.953580146549937967e-03 1.126938424580522721e-02 1.416601888019657259e-02 2.784835389200513572e-02 -2.670709228206863753e-02 -3.380705530307780843e-02 4.125414265138421105e-02 -2.163418356426691572e-02 8.009444851378048902e-03
-3.599118