\\Weights for property-selection feature, generated with https://github.com/brmson/Sentence-selection
\\Trained on 2540 questions, 104886 properties
\\Cross-validation MRRs: [0.4929592279162965, 0.49855167495109726, 0.44524121192523425, 0.5359271441702532, 0.4831548064692518]
\\Mean cross-validation MRR 0.491166813086
\\MRR on the whole training set: 0.458520101087
\\Learning constant alpha = 1e-07
\\Regularisation constant l = 0.005
1.417292458066537197e-01 4.477473683745346322e-02 -1.813688980409367013e-04 -3.633521930031722441e-02 1.931903185492288982e-02 3.938800099914749331e-02 -2.944349008444028734e-02 -6.833916796453358769e-03 4.148076613645754890e-02 5.276811368504846778e-02 -4.255964553904600239e-02 6.403055629523021763e-02 -2.813742195981685026e-02 -1.896846029602195643e-02 1.261485248980075309e-02 4.283137433891409662e-02 -1.829983182659626964e-02 -3.675065210648553651e-03 -8.348880975583611655e-03 -6.533006621295419682e-03 4.123048220107017325e-02 7.313780698929041313e-02 1.644759539543933294e-02 -1.386200803101046361e-02 3.520318579359853900e-02 -8.996795692486129342e-03 -2.346941789400708300e-02 2.330793543873511259e-02 5.248514315952448189e-02 4.917420791874873437e-02 -1.079104591862923949e-02 -7.210239869075386887e-02 8.918749993182194594e-03 -1.409026040544041070e-02 -3.315505318777256603e-03 -1.571288524122346070e-02 1.826560842326007891e-02 1.940208114274793658e-02 7.177165466130641658e-02 1.548853384203895817e-02 4.984007352879303576e-02 2.649491655426780209e-02 -5.037276620687877043e-02 4.293925418250534726e-02 3.974703670334541611e-02 5.455546826385067327e-02 -3.461769755485137601e-02 -9.234733795715242832e-02 1.280411684817051379e-02 7.062072320791680513e-03
2.183698084223757024e-02 5.667906260915776123e-02 4.561911418875263559e-03 -3.642545685580315246e-02 1.094588778751977255e-03 1.527772502208729448e-02 -4.313039496833168812e-02 -1.383558135655381383e-02 5.850809706252683290e-02 -1.163858773311974388e-03 -5.302036133037901083e-02 -4.052008742977223493e-02 -6.163521130113553542e-03 -5.882288906563895581e-02 5.969178302508231469e-03 2.141882652678311211e-02 1.057374645086546321e-02 -1.626706152955365720e-02 1.961350014119431218e-02 1.862047109506539955e-02 2.389182520180845731e-02 2.455620691762730110e-02 6.320484702223998046e-03 7.687188939633157053e-03 -9.989187868336276213e-03 2.762160476694670852e-02 7.220377145005221764e-02 2.124983617339418901e-02 1.569234229613403512e-04 -6.296192894263561574e-03 -2.267852126323754991e-02 2.548820382948789945e-02 -7.479138192658075883e-03 -1.529609238253608859e-02 1.821947484737139467e-02 2.013683046589595082e-03 2.398734194548027970e-02 4.412469668385355509e-02 3.810763115917403798e-02 -5.267665409012687802e-04 -1.969436163414050103e-02 -7.083664566978357426e-03 -2.700273237424871860e-03 -3.649715733076840801e-02 3.710079793439866047e-02 3.997286610153775316e-02 -3.091690000317022860e-02 -6.392428958931858918e-02 4.907352681938475375e-02 2.570798969267729453e-02
-4.824082115417742032e-04 3.832227063524515365e-02 1.890988757042489157e-02 -2.709907726420669044e-02 2.086902015079093644e-03 1.860197344956740842e-02 3.001829896125962627e-03 -1.132123152608022792e-05 5.474334223522830251e-02 -1.462246512941355742e-02 -1.702538082507587883e-02 1.089851628254242047e-02 3.223895208830443448e-03 -1.801640383439181634e-02 1.328197853545414094e-02 1.807010341578222518e-02 2.195788816641944252e-02 4.890968354127503241e-03 2.495052322245002938e-02 2.653469669804894588e-03 4.208029999535441157e-02 1.341815405015745963e-02 -2.556068753575945623e-02 -2.176173552888666443e-02 1.374626117834586592e-03 -3.493815288830866284e-02 -2.380772130526592062e-02 -4.259355227094783342e-02 -1.836846565417387875e-02 5.825844405772909185e-02 -3.807196748569097178e-02 -1.406455717243337844e-02 -2.991182704641010687e-02 2.030502629100281592e-02 -2.051825658884959963e-02 -3.008034586313927672e-02 -1.231820630187098475e-02 2.309829545450526114e-02 7.996053255980660468e-02 -2.183806896096034122e-02 3.582655204306109051e-03 -4.638875183329670658e-03 1.005676179285653303e-02 3.492011735265922873e-02 8.788514772955118622e-04 -4.405570346145679106e-03 -2.910805478518599734e-02 -5.514571137827747882e-02 1.980359564953415932e-02 -1.209901165299509355e-02
6.528348028976008015e-03 -4.674410572904719174e-02 6.625915595594080582e-05 4.154357621703645698e-02 1.227082433974211427e-02 -2.770435369677847967e-02 -1.496734170083519055e-02 4.695491560904903328e-02 1.363529702038751741e-02 -3.410305421946783350e-02 3.428030864141842771e-02 -5.807623065288381597e-02 -5.664052538673505777e-02 -1.751585066313196895e-02 -4.940926254849676083e-03 4.751605889068719057e-02 -9.353468396600988360e-03 7.739241567364323927e-03 -1.608444529042993981e-02 -4.338688889886035266e-02 -6.522954303354076312e-03 3.906739967454388868e-02 -3.378135765018686065e-02 3.196848689662817704e-03 -2.715907441562261451e-02 -7.551300892507857923e-03 -2.966694166451682487e-03 3.712216891349252867e-02 4.291988847896496123e-02 -1.303929701699773139e-02 -8.844010931897006156e-02 2.834758280842683553e-02 -4.559979966974746918e-02 -3.589984771778364364e-02 3.361815351161183234e-03 -1.165865712930257841e-02 5.082119475922006191e-04 2.521050647577071854e-02 -1.728345795302889051e-02 -3.461502778318701788e-04 1.196041125562950563e-03 -2.750436555350573020e-02 9.735880830507840158e-03 8.036324914594437582e-03 -8.376903928916815210e-04 -4.604132402685262235e-03 -1.822698324629008770e-02 -4.467852992488350466e-02 2.475116134547193994e-02 -4.289754318292071655e-02
-1.254697245112103635e-02 3.120637458288761865e-02 -1.581576267742296205e-02 1.713399062610376083e-02 1.151929340145796121e-01 -3.558175206074201007e-04 -5.937864148223614968e-02 5.660258289509455948e-03 -4.601312336159985028e-02 -1.375812773284501057e-02 -1.812356551142514302e-02 2.868929321342932742e-02 -3.554681416422841161e-02 5.951263051081600447e-02 -1.581691232704993122e-02 1.037399473182948340e-02 -1.765258388408453769e-02 3.245481869435908745e-02 1.191282973107893155e-02 1.613594367138453806e-02 -6.295427999255763345e-03 5.921404990332049256e-02 -5.192643939579932345e-03 6.599333700148971027e-02 -4.023295152902330030e-02 -9.139378063752078007e-02 2.308133039816799917e-02 -1.239444633441647188e-02 -1.954848382296668630e-02 -1.077383407991460915e-02 5.285795484527736759e-02 6.914571270849870221e-02 -1.564929530970803409e-02 -2.361495205076471343e-02 6.106368583994047387e-04 -2.255264077984137083e-02 -4.724881092408731581e-02 -7.584377582608748357e-03 -6.647950882139766482e-02 -9.137419204448524179e-02 -1.677254169885874363e-02 2.286029034407769181e-02 -6.259474215079720294e-02 5.695325973087237738e-03 1.858463366991129281e-02 -1.858972222906279947e-02 -7.236341402534150757e-02 -2.563939752717245626e-02 1.850650060516479886e-02 9.419276612881066768e-02
4.112588434699084722e-02 -8.746386734195207846e-02 1.462605578615607665e-02 9.693806767559273729e-02 2.676224249816324535e-02 1.183852052047321413e-01 6.119954976469917790e-02 6.716924067297901091e-02 -7.737509786766604003e-02 -4.187365603117373936e-03 3.957822376087612865e-02 5.727596212440607543e-02 -5.637903659340062767e-02 7.825899559396212735e-02 8.751357051664236664e-03 -1.300979435513640106e-02 -9.539385792327461722e-04 3.386301518967431423e-02 -3.858627183517645415e-02 -6.017943192347969400e-02 -4.343072187831408318e-03 -2.963481332115852282e-02 4.466781624825796881e-02 -5.869460129850360454e-03 -5.313362472224620464e-02 -6.168946303842132162e-02 -1.590647080952478296e-02 -2.618460545768504580e-02 2.697155939884202710e-03 3.718460224458711855e-02 5.119184941703157354e-02 2.600474346705081499e-02 2.829313708732017138e-02 5.044320895130469107e-02 -2.219903674628963264e-02 -3.810041784816419613e-02 -8.217475322374030722e-02 -2.643574207672601262e-02 -2.770390199912356119e-02 -8.627426939287101415e-02 -4.065225218568731258e-02 2.120783594389205606e-02 -8.493850507888967699e-03 -4.417722554187596649e-03 1.838147321150785871e-02 -7.041512276521598446e-02 -6.176942395290196952e-02 -2.562705813917571379e-02 -2.172410799508650223e-02 1.187787244341998068e-02
5.700903015212925584e-02 4.972485919295208112e-03 -2.447726638264929953e-03 7.785934973187592922e-02 -3.565187915168203936e-02 7.340732823766077907e-03 1.213442416095665138e-01 1.205988830122780957e-02 -9.384050278214914331e-02 7.086740527290644187e-02 -4.029965334414727790e-02 -1.172976851017699246e-02 -2.751278156581336148e-02 5.255560500884728925e-02 2.240692720733178291e-03 1.768592932692261352e-02 1.713829738782862017e-02 -5.743233770649859397e-03 -5.439113042726246433e-02 3.245792476136481752e-03 8.638518676709514357e-03 5.198041116541969250e-03 2.246387466555932466e-02 -2.299048441658644790e-02 -5.045896713793677352e-02 4.937740848331073282e-04 1.715263425438819794e-02 6.474661050798229123e-02 -3.117730329144638088e-02 1.020615579643181954e-02 1.452008256765036955e-02 1.476293088355667624e-02 3.100470087641719885e-02 2.409283691000787750e-02 -2.478559007372818992e-02 -1.401772446317828096e-02 2.159673577461762931e-02 -7.656199351901435413e-02 -4.955948841816696510e-02 -3.707806311899761176e-02 1.247907440354173794e-02 9.621430316707740849e-02 -7.056417474290499481e-02 -3.695557856138216579e-02 1.603231024605072941e-02 -3.585510138518998441e-02 6.180118746099048932e-03 -2.532930529105727538e-02 -3.983426024746575256e-02 1.184709376030457402e-02
7.322388872678646521e-02 5.329830344674981076e-03 6.279182442964130993e-03 2.790199886657320633e-03 1.060740489330654589e-02 2.377295653392582416e-03 5.820272576449525559e-02 1.148629912072758885e-01 1.033577689479601991e-02 -2.453294037407853512e-02 -1.168946586807085956e-02 -1.114568106524211899e-01 6.648821058072309186e-03 -4.591591329716967346e-02 -1.223421880662193748e-02 1.404220358664897729e-02 -1.923036647990925690e-02 -2.616839265263970656e-03 -1.866526194491504795e-02 3.505565730409203329e-02 7.348319481225191498e-03 5.551327894105490685e-02 4.750827343642581579e-02 7.459216337711089412e-03 4.612560872738923588e-03 -3.285149541087661190e-02 5.145957690471882756e-02 3.047742150673242445e-02 -1.589563182842252884e-02 4.275933380606916634e-02 8.744090968809385689e-02 -3.999467778372358361e-03 3.031932266769011078e-02 -7.510073477573239731e-02 2.800669546376697433e-02 -8.727281319940129872e-03 2.025101381103279821e-02 -8.860241921689670369e-03 -2.799411018858205188e-02 2.708518936619495540e-02 -3.430966625343683657e-02 2.971444225001623404e-02 -1.570496441335713506e-02 -4.534357374113143907e-02 7.919176429329750563e-03 -2.797028127131008512e-02 -1.467498974126968045e-02 -4.338353717002222873e-03 -4.519246165004300875e-02 2.137833059751191589e-02
4.814025197631999209e-02 2.305173417539141921e-03 3.869416805191593089e-02 -4.644432655661080017e-02 -8.626309465333660900e-03 2.122656507489132423e-03 -5.750922804578952052e-02 -1.216622341752026520e-02 1.104853820451290741e-01 -9.213109665460498046e-03 -4.260237002434076603e-02 -3.748776406235573844e-02 -6.369164004128669010e-02 -9.519489879607449800e-02 2.591270157007651009e-02 7.658835870298451483e-03 -2.024904548065543583e-03 -3.112130067396158897e-02 -2.851312427689567733e-02 2.768940201982215965e-02 3.669311048034357148e-02 1.431280836190298826e-02 -3.194916976733461374e-03 -5.434020088946922566e-02 -5.562332496844746982e-02 -2.577469307330249385e-02 -2.779864444820624725e-02 1.072748409363391379e-02 4.937343773710785311e-02 1.124937227359185284e-02 3.939606265384432322e-03 -2.697385820187158181e-02 -7.510891848515622790e-03 -3.140153173542041543e-02 -5.311594024660566335e-03 2.878899854401998238e-03 4.308082386670796654e-02 1.249134529834353309e-02 5.607402399276436439e-02 1.347012380333281571e-02 1.589936986857895529e-02 -3.493716962575400126e-02 -1.768631530220612577e-02 -1.742802998101107212e-02 -1.680228368070932690e-02 4.481426528289319394e-02 -4.567940699374999081e-02 -7.954912069989586443e-02 -8.505080762156908697e-03 -3.653837754898118378e-02
7.716842159735350613e-03 2.319976268184683731e-03 -1.517159109342068428e-02 1.011660463448977101e-02 -3.144987678694485811e-02 -4.069271939659301930e-03 2.001994993397020195e-02 -2.748840208719735556e-02 -4.349378510887252219e-02 9.631103394913879956e-02 -1.575371505752457327e-04 3.863495957632227112e-02 -8.320335947584785044e-04 3.198239448126985462e-02 4.272344847963794462e-02 -1.252440004536284866e-02 7.138210496673284833e-02 1.967230800790753520e-02 -2.012372005657748694e-02 -2.422457861368091520e-02 2.323099380959803284e-02 -2.636940884601753077e-02 9.366510886969365559e-04 -3.046722554882263373e-02 -9.468560725279788481e-03 1.850733059326821472e-02 -1.791374575584753215e-02 -1.006953077149064582e-02 -1.942991722617863973e-02 -4.248652419085146431e-02 2.596377442361782334e-02 3.202265659926837281e-03 3.721072022203187474e-02 -1.346617044962070651e-02 -1.870857628241464829e-02 2.243068175811084412e-03 1.677591631683250607e-03 3.662512776879556925e-02 -3.271363923948223708e-03 -1.464549117898218678e-02 -4.098643871572695691e-02 7.416689578638390422e-04 3.359531441998894752e-02 1.758993404000787353e-02 -1.049660582142842961e-02 -2.962953123206097175e-02 -1.753083273877111686e-02 6.313456943595588226e-03 -3.058502390396170001e-02 5.318927252751833555e-03
4.281729333520350317e-02 -5.037593958789507442e-02 2.275580610674845031e-02 -2.930914617046842183e-03 3.276120847342969128e-02 1.384596187666227440e-02 -1.814845251168669196e-02 5.755603998514369213e-02 -3.185779536132570672e-02 -1.053392410874294874e-02 5.988943701431605204e-02 1.714653246378602253e-02 1.959902795871745155e-03 1.429087055553742748e-02 -1.216670751905469736e-02 4.845752660069607698e-02 -2.842760268496379722e-02 -3.252895204144054531e-02 -2.455914479853126432e-03 2.619338314139199250e-02 -9.540539391969089789e-02 -1.460206882231506950e-02 -8.412212245915746608e-03 8.315782999602214015e-04 8.113143962941231704e-03 -5.669919112415815199e-02 1.885198135103734879e-02 4.164776488553362938e-02 9.288340803144307101e-02 1.243864227799428186e-02 9.740603212173720021e-03 -1.111766982528516329e-02 -4.673946273754911104e-03 3.356755114028051046e-02 2.282834833492205021e-02 6.892074907119284839e-03 -2.014981518940836200e-02 -2.850903919360538510e-02 -2.067935807046981239e-03 8.289716170336728154e-03 -2.578892066625397550e-02 1.799062212962911078e-02 1.684467587394047547e-02 1.472596926121614615e-02 4.998459580979915107e-02 -1.045619333722107476e-02 -8.706667581264478789e-03 -9.489442506906586861e-03 3.099876683392271265e-03 -4.378997106480189000e-02
-7.932597684158448209e-03 -4.141845966006961477e-02 1.415637658370831956e-02 -4.109544207030060153e-02 -1.694759021669412901e-03 6.356997058161900291e-03 -2.356459559108405738e-02 -2.510419653113486402e-02 -6.591499427270679223e-02 3.668589458213938892e-02 1.042228990253745401e-02 1.942245466411680332e-01 2.689076383614761104e-02 1.106458681780750214e-01 2.354099637717624923e-03 -2.742108697777207588e-02 1.413712938435796908e-02 3.079147948946023630e-02 4.018679080036732798e-02 -8.301298727283346057e-02 3.644493509626567374e-02 -5.728828465681513188e-02 -5.623748042191499541e-02 -3.116867456522602262e-02 -1.613807641626563080e-02 -4.750867894781561629e-02 -1.590292113186791978e-02 -2.307782734522027812e-02 3.173230816713452918e-02 -4.653088028875106835e-02 6.752079780801559239e-02 1.454728642876760951e-02 6.226712627232500186e-02 7.873449819490433224e-03 1.473980496744927218e-02 8.833598651466083307e-02 5.118999658244878905e-04 3.464788376529265128e-03 -5.860560719966877467e-04 -8.225741363290291208e-02 8.857445149217312366e-03 2.635887962314557159e-02 5.586352643311561644e-02 5.191495518007224752e-02 5.390744142421523624e-03 -2.039088125166210047e-02 -2.942688494528210991e-02 5.542650264589193965e-02 3.001908427213824393e-02 6.306640033834641501e-02
1.063968277580374690e-02 2.829940471703911581e-02 -2.517633101068530999e-02 -8.735277416668333142e-03 6.634334987964385366e-02 2.434801110492466891e-02 -5.172976848667474453e-02 -3.380013002406531686e-02 -6.445752615957432707e-02 2.437045853116360031e-02 1.012136530291626521e-02 -3.307555917827401798e-02 9.435455731453525063e-02 -6.688432633113902681e-02 -4.058054973404032206e-02 3.297848965145285666e-02 -6.823794061579110948e-02 -3.483821717472647406e-02 2.163440516359071628e-02 8.567583828994647377e-02 -4.237496795633621111e-02 3.797551338836242102e-02 4.775215089240820998e-02 3.037969954155515795e-02 4.635471536963482048e-02 4.326036992442992488e-03 1.511151850958689265e-02 3.654841422000749268e-02 -3.131941397014705031e-02 8.285624294500866516e-03 -1.731864617848383192e-02 -1.102751461389271936e-01 -3.218532545586158533e-02 6.364510687162537594e-02 5.035298470186771319e-02 -9.137892584583157118e-02 -5.388053794597711527e-02 -2.107601290396749621e-02 -5.756437540832608397e-03 3.777058541387315858e-03 4.840841160259622827e-02 4.388632227988398249e-02 -6.374144466541116494e-02 -4.938649710107604479e-02 -1.230973242541319977e-02 5.416286722799499263e-03 3.591493370237155980e-02 -4.689138442288035002e-02 -2.737425896946935056e-02 -6.435605133945597467e-02
-1.370424748698947578e-02 -8.903597144900742737e-04 3.560319852289697135e-02 -2.749392307593733712e-03 -6.031005660722407215e-03 -6.740120525091819470e-02 -2.301311850868572456e-02 -1.329064360847386980e-02 -2.822289004771193557e-02 2.063356210167740720e-02 2.010149916314463246e-03 -6.711140172541740431e-03 -4.404946314910814301e-03 1.039328643300151400e-01 -4.418269038239591023e-03 -2.980042656530510967e-02 5.924732864069158500e-02 1.075628075818589602e-02 -8.724106643003668241e-03 -3.373891454916484040e-02 -1.201801179932516020e-02 -2.442389563628007826e-02 -2.077286823616663822e-02 -5.569700878190431310e-03 -5.977810519384690185e-02 -1.282375977803455920e-02 1.613937060640566537e-02 5.219692018837262214e-03 -8.172693285796182872e-02 -3.188704324893273240e-02 2.924430885786149723e-02 6.018398436103933324e-02 -4.489292179818724082e-02 -3.315678738644331752e-03 -2.254022202827862809e-02 -1.695821375721420429e-02 2.989127397583813892e-02 3.157369921386023182e-03 -1.486738297892806725e-02 -5.571818228824168551e-02 -2.556132727744315353e-02 7.982945423289639422e-03 8.930488646092105262e-04 -2.535698930700727716e-02 -3.513058741961491011e-02 -4.916578380017137991e-03 -4.179762002027925805e-02 2.197580544250715348e-02 -1.923504176553523376e-02 3.708782855066777157e-02
1.087797319776340893e-02 1.047411421526603936e-01 1.060432414335166218e-02 5.792825812728869678e-02 1.461133375066955842e-02 1.153360917748832461e-02 6.574736001197019342e-02 3.452706733574158193e-02 8.148057792697503687e-02 -2.340616978954505184e-02 -7.652705000072012806e-03 3.817898456277559263e-03 2.254686751037103185e-02 4.918754600602939092e-02 1.230409048895741708e-01 1.456270698368473905e-03 2.945665627776755668e-02 3.931383281091913734e-02 -2.385120234834325198e-02 -9.372925691127527437e-03 7.774320100166501324e-03 -3.309672802292089322e-02 -2.520434802847393383e-03 3.498108484727974199e-02 6.607006079469247839e-02 -2.687973015543002053e-02 -3.725571624597867615e-02 -6.874203592072090745e-03 2.035702949501090597e-02 4.631892562466470575e-02 2.657696969316384120e-02 4.997663156877354962e-02 6.101373980601530744e-02 2.803324782907856000e-02 -3.184583978501758644e-02 3.471911749195161212e-02 -1.277448955715839189e-03 1.018294042986673913e-02 -3.288832398309787103e-02 -7.912404989189450455e-03 -6.677895346121211217e-02 5.974325481075342531e-02 8.114395772954000052e-02 -7.365089368096673812e-03 -1.134430453331874283e-02 -2.665877901512146361e-02 -9.233978316127482155e-03 -1.916582268578305871e-03 1.850919254055643018e-02 2.544177437061993091e-02
3.967520298480413377e-02 7.467908331839706593e-02 8.068791904894243375e-03 -7.677388309507700986e-03 3.312130585399968019e-03 -2.985334983807822265e-02 -8.126245456977107236e-04 -2.840104957672882902e-02 6.240485286531204101e-02 2.643108068674382763e-02 -2.774579759936120649e-03 -2.295777268184802725e-02 4.834279224954080023e-02 -3.758430441345234768e-02 -1.371812027440432596e-02 1.287428844198077460e-01 3.553014587577571493e-02 -3.136342050431879802e-02 9.242162102143096011e-03 2.119781192379947485e-02 -2.044806061461440505e-02 -1.081387697515616766e-02 -7.281754618396148182e-02 4.253187798599462888e-03 2.366305047005651599e-02 4.397544919447822498e-02 4.206791052931562608e-02 3.362456544273281778e-02 1.293277932272007547e-01 5.189539877262278750e-02 -1.608546436597882087e-02 2.457184618378953009e-02 3.395399243211201512e-03 2.445269428912466222e-02 4.043298968952574457e-02 2.448929900343803021e-02 -3.002831486345571965e-03 1.689214298383632032e-02 1.249690724328821750e-02 2.024873123301185879e-02 -2.819454716170436206e-02 -1.137483103249835835e-02 4.770139148577309113e-02 5.945206777253266711e-02 4.639497716582110382e-02 5.659520280609123960e-02 2.635925324437519632e-02 -5.842346887714292697e-02 5.942087573525357824e-02 -5.239206605879236783e-02
8.309778010000469506e-03 2.781879626746285375e-02 -4.467757307301259417e-02 -2.914578462086295230e-02 -1.270042619536079255e-02 -3.410616611421070473e-06 -9.013769160385881260e-03 -3.011478987050086875e-02 5.563724084342863002e-02 7.189304543310108542e-02 -2.400303430988272313e-02 7.953309618518275212e-03 -2.120257750323502680e-02 4.435735159534864164e-03 1.453851922630847691e-02 -1.352136537649358330e-02 8.945735062139467675e-02 -2.362120621607327609e-02 -4.971936177742865282e-02 -1.706549444843456960e-04 4.464313223621419607e-02 -4.845928057114583243e-02 -1.006082224707554630e-02 -1.523351121524860186e-02 -1.816433901595863529e-02 5.207360503999517581e-02 -6.244571787056812928e-02 -9.010023576881937002e-03 2.663489293291938786e-02 -9.671651493357439830e-03 -5.308562813690059085e-03 -6.300959325255087173e-02 5.067594725670061806e-02 -3.734497714162943183e-02 2.001246609771075574e-02 5.028182190675380830e-02 3.773456727243518216e-02 5.955759621471061471e-02 -2.141827821155411690e-02 4.244885191013669616e-03 3.736817256699476262e-03 -4.569717445081003526e-02 1.995324468431509610e-02 1.307173415373201995e-02 1.229822488669932330e-02 3.094326968640330813e-02 1.636251262632808158e-04 -3.606821563423283361e-02 9.189864546526142763e-03 -3.068290786544787888e-02
5.218602752213385987e-02 -4.860663240230897464e-02 -8.346311136823604884e-03 -1.747130918756985979e-02 2.771101193775569582e-03 4.166376905307721951e-02 -3.709177174487213874e-02 8.853332770373234170e-03 -2.366146946824027389e-02 3.530010380720890323e-02 1.756958484454825692e-02 2.640606888108251032e-02 -3.217432719330457630e-02 -2.767962952359857842e-02 -1.550279828185870817e-02 -2.082369440272464553e-02 -4.504958095129076370e-03 3.688776796808699437e-02 -2.482606109222300350e-02 -8.252091671232366157e-03 -1.098550431220336743e-02 3.419842757283656637e-02 -1.171384809485657118e-02 -2.866892050492630961e-02 -1.612420872148093501e-02 -6.205677165908159848e-02 -1.075148502500567621e-02 -1.352484379422583607e-02 -3.003991062584574281e-02 5.536896101729138486e-03 -2.931964595372148295e-04 -1.170438407644058994e-02 -1.419675646212454311e-02 -1.011766520446223151e-02 3.799329757053131196e-02 -1.240254743276146543e-02 -2.236846499112436076e-02 1.528690167321402303e-02 3.672466669500173975e-02 -3.783154460596724333e-02 -1.583752449207804711e-02 2.237467634269224917e-02 -2.369711525619600662e-02 -1.809270618293585403e-02 4.846231145057711132e-02 -6.163630942058653112e-03 -4.148065572477045021e-02 -2.517396472566640203e-02 2.587250599804350251e-02 4.634528211403977503e-04
1.537147080934886390e-02 3.488774707864705782e-02 1.626532930549162356e-02 4.410435849972895589e-02 3.956340340679703749e-02 3.115646921059100211e-02 -2.958660189281997824e-02 -6.580874182455803689e-02 -3.594987048265102514e-02 -7.595583118273712374e-03 -5.975262218170917378e-02 2.613835214196002718e-02 7.490817107797607954e-02 2.590272412463899554e-02 -3.894911651745095599e-02 3.527672747077540381e-03 -2.897176790456197637e-02 6.669068211558866997e-03 1.640085995688538856e-01 4.504348169804308494e-02 5.351834674568508449e-03 1.286571426015364070e-03 -4.700250465943005751e-04 5.786411271650158950e-02 -4.643757210363010784e-02 3.537447418317617165e-02 4.218574907057608819e-02 2.357312666946472651e-02 -4.481263520680541651e-02 1.722435541259103101e-02 2.935293679994305932e-02 -7.820876907845802917e-02 1.685474786294311605e-02 8.018112264318898175e-02 4.145346476325297187e-03 -2.224766983746239400e-03 -4.373503077493885727e-02 -4.220429580085512111e-02 -1.464261404235879700e-02 -2.209145319416625647e-02 8.164748658981012264e-02 -6.866400812023427816e-04 -2.663094186490318552e-02 3.205771607953673830e-02 -2.998672497270940887e-02 2.570244159433251324e-02 -6.742888007909873804e-02 5.145217300461090576e-02 3.606484997091539187e-03 -9.069636982806378658e-03
1.976027290114285712e-02 -6.339062393912575644e-02 2.899247605014533546e-02 -3.990023622834755479e-02 1.969060933767270011e-02 5.474315118074996739e-02 2.915156660921434592e-02 2.433753303806607607e-02 2.177756630433185306e-02 -2.387539740905576108e-02 -5.538525862250961475e-03 -4.494327885065866474e-02 -4.476998271007075897e-02 -5.542684609560701026e-02 5.160116101304549480e-02 -2.367597975888125275e-02 -2.599460908969706760e-02 -3.585683158176905527e-02 -7.999854474092887163e-03 3.591112846794253938e-02 -2.064204977046454198e-02 2.449984591912150733e-02 4.679790173639501033e-02 -1.268035681653049106e-02 3.318081047908930103e-02 -2.110688490903898928e-02 1.059562379085768162e-02 -3.111099332607402193e-02 -1.159696520816078623e-03 2.044722509916247280e-02 -1.303845421283229486e-02 -2.308844987196057019e-02 -6.564902579442397773e-03 -3.887051360190627025e-02 -7.917952337599919177e-03 -2.265211226292291116e-02 1.214369245378353092e-02 1.715454624199303987e-02 2.644685141777877724e-02 1.771111077849183606e-03 -2.304459378338365172e-02 -9.472211889761210368e-03 5.316327376147170734e-03 -3.904483952215259679e-02 2.138254841740102555e-03 1.178510559547676874e-03 2.798082180353881829e-02 -2.567713419228566038e-02 -1.684085836690496496e-02 2.681449687589168226e-02
-6.839813470535324735e-02 1.570640996893778521e-02 3.914774350047251633e-02 -2.231924963424030892e-02 -3.765112941290740811e-02 -6.981632649638956634e-02 -1.708352334793057994e-02 -9.175966936613870473e-02 3.030196298794321855e-02 -1.769798807797050635e-02 -9.077870606098055462e-03 4.016072172799601409e-02 2.498807397995768745e-03 -4.007167510797660787e-02 -2.412565901437249694e-02 2.016307808327347587e-02 5.732911785848100045e-02 4.273479206537379033e-02 1.011098860759710762e-02 -1.674852550765848491e-02 1.250848457000215130e-01 -4.076949155702788707e-02 -3.125773533668212839e-02 -4.141878209763059232e-02 -8.625787705547411505e-03 1.524959879912627173e-02 1.650559503567495742e-02 -7.623630162919865783e-02 -6.149602873914396250e-02 5.593412106921182708e-03 -7.997784356205031586e-03 1.256303472281486942e-02 -2.460486759894723457e-02 1.498774415408695229e-02 -4.922971523472560035e-02 -3.570965670830190952e-02 -4.119826708285257572e-02 7.526488379920127925e-02 7.231424486773940785e-02 -9.255066327054124395e-03 2.915168745742306028e-02 -2.389219567281910747e-02 9.676520324512239216e-03 3.468685215426491747e-03 -6.338311171704477665e-02 -6.122852409815231906e-03 2.140843834507631660e-02 -2.748741751145378220e-02 -1.123827105820758565e-02 2.858869683035351189e-02
2.634008402470509186e-02 9.024374350665595457e-03 -9.933844514396009129e-03 2.968030665697383996e-02 4.608824964894314702e-02 -2.184355577494742628e-02 -4.472171953487208938e-03 3.576326436683421872e-02 9.718892048655433658e-03 9.487552023242066049e-03 5.734739086866161815e-03 -2.960152202689661158e-02 2.486004624259044796e-02 3.780984944972348716e-02 -8.205812705340303354e-03 -1.842844572788664842e-02 1.687515187662484706e-02 8.092025904819420690e-02 4.267717459413205433e-02 1.977531206280255457e-02 -4.619767018936576930e-02 6.816877844179990154e-02 -2.080099341723085429e-02 5.206192918166651501e-02 8.033126457437146997e-03 -2.735786287743131873e-02 6.155127571034309242e-02 9.123740192577119157e-03 -4.995420523197369872e-02 -1.208274951256163403e-02 2.418533332077919817e-02 7.460947045073283712e-02 1.996779629269103060e-02 -2.482727026362741528e-03 1.405617029905162699e-02 -1.630078708436673990e-02 -2.286920532771128528e-02 2.950562641771949796e-02 -1.250062750474704477e-02 -3.213116525061994466e-02 -4.198337823687239845e-02 1.754982490198462100e-03 3.105980319433836873e-02 8.494100367437654175e-03 -2.592621739826340629e-02 -1.628734442231856080e-02 -6.338170878272453290e-02 5.571751223037783862e-02 3.080098794319113386e-03 8.574920130450634781e-02
7.711227327796062181e-03 5.846019458359781595e-02 -2.018051374790688288e-02 3.213649809473663466e-02 2.297150549729003177e-02 4.064731834657713677e-02 2.508898871731468638e-02 1.937593939149395011e-02 2.477284897156186577e-02 1.909444515196704120e-02 -1.987083331961482513e-02 -4.011724020001637692e-02 7.551634862575486162e-02 2.844116014603885814e-02 4.317824534696311500e-02 -5.006373821909348293e-02 7.425821246094074790e-03 -7.431493269831142626e-03 -8.243136592622202913e-03 2.012687846609211018e-02 -4.548589324303486947e-02 -2.504083110625138914e-02 5.647288608610945282e-02 2.491987452880169499e-02 3.646656100982310217e-02 2.165918238269231091e-02 -5.733546004799137258e-02 2.820852087680657608e-02 -5.495766608835888495e-02 -2.478316099345723514e-02 2.611632067985088929e-02 -5.039209777340260960e-02 4.224743285558310579e-02 -4.144343289703313407e-03 1.004412345448315452e-02 1.612441298304201701e-02 2.079473720525129229e-02 -8.954669308174056106e-04 -2.174584175813069897e-02 -1.819147425829004475e-02 -2.677813089967551879e-02 3.002801165466939884e-02 -2.012570304496490940e-03 -3.374859180211650656e-02 -3.357653022308946383e-02 -5.584790252257135386e-03 5.086277244576722749e-03 6.750541091610579893e-03 -9.006356881591653929e-03 -3.062465090057139849e-02
5.406787701412434088e-02 1.837318005169540471e-03 -3.424817437840867174e-02 -3.444023376466021080e-02 1.100593960457647673e-02 2.587001020917648400e-02 -5.287470800905904461e-02 -6.860011967708706413e-04 4.061390255103523861e-02 3.002413222950960775e-02 -2.887474628331613419e-02 -5.384336794329355053e-02 3.270342983017158339e-02 -6.581471988252789174e-02 -3.827326212977977260e-02 -2.633421618183815968e-02 -4.663917392307840790e-03 -1.260160210628989100e-04 1.477695072856803973e-02 1.006388221892779294e-01 -5.960073085936771348e-02 3.679979409898892495e-02 -2.515190418700776788e-03 6.174282493744800288e-02 3.996465148411436352e-02 1.064362222339201858e-02 8.427013031882743532e-02 2.543389670927139259e-02 -1.299447046918865423e-02 -5.227137378514451482e-02 -4.599429461854986217e-02 -1.866023049448410631e-02 -8.970298561473152507e-03 -1.216266514093561259e-03 4.965549464412399167e-02 -1.324243785115525665e-02 1.554513019497453727e-02 -1.036288999403918790e-02 -1.274093618900592681e-02 3.501279700720182769e-02 -1.877229914324025570e-02 2.765426379633815698e-02 -4.262502139841884558e-02 -5.881469663047351332e-02 8.668659235902817029e-04 4.781549512362732318e-02 -4.806716458647063844e-03 -2.019936062611465966e-02 2.963204042535316773e-02 1.461744496437546864e-02
6.917004181663943471e-03 2.534698709903040331e-02 -5.379406622267288857e-02 5.250627506704499958e-02 -3.343411907724630483e-02 2.328622395760512886e-02 -1.265003252463342380e-02 4.039816105594920548e-02 4.545634362515752445e-03 3.377946607463284956e-02 4.165641517763221495e-03 1.604347923566236617e-03 2.545261947400239561e-02 -5.020803785975883234e-03 2.423184668856850910e-02 -3.456749916624519969e-02 -2.746320809780772310e-02 6.788470366631355057e-02 6.015573654661541744e-03 2.864148370530943469e-02 -3.631295382407610794e-02 6.676675606760303083e-02 4.353111336045013650e-03 1.658933539662969456e-02 1.119935826200312012e-01 -7.071716016726153041e-03 1.168352697117299062e-02 -2.195469937571719460e-02 -4.101357922206192580e-02 6.106118434319564477e-03 -2.552942323492957827e-02 -1.767258160567190123e-02 9.537577292135404616e-03 2.338833236035444893e-02 1.924753239620437609e-02 -9.810644589079549338e-03 -7.289897480208772096e-04 4.683872115062100161e-02 -2.532108094729906486e-02 1.727682042021377526e-02 -2.065896064987271172e-02 1.111548730780203068e-02 -1.278058770619297166e-02 3.140421733297354273e-02 -1.046502653509251077e-02 5.182351013587745484e-03 -1.262815199386956889e-02 4.070186221454596270e-02 -2.328953716647485031e-02 2.459105199423689860e-03
-5.560475148236392398e-03 3.157221047256885543e-02 1.801246169399881025e-02 6.194176856050478963e-02 4.280491423439373826e-03 6.225882491982057815e-03 -3.218219745676825089e-02 -3.074563588567904432e-02 8.045710516428928889e-04 3.522588100077428657e-03 -2.306853933232508660e-02 -8.885207884062351624e-02 6.960469856031728519e-03 1.056292817592709501e-02 5.493252633879404379e-02 -5.635185383694144012e-02 5.779685821061641103e-03 -2.545258072811976136e-02 -4.975678235225921425e-02 4.659282713945304619e-03 -8.034311267754032371e-02 -1.907844558311937513e-02 8.554106466765023023e-03 2.067121521309210966e-02 -3.075766083095474689e-03 7.700584050131770164e-02 -3.865674025281357062e-02 3.721453011364563024e-02 3.771203183186799812e-02 -8.942039571646605636e-03 4.834593722476476785e-02 -7.165307605984587262e-03 7.694640391772254381e-03 -3.051830058904862059e-02 -8.747477241890717556e-03 -2.436611396061955787e-02 4.266378052284382910e-02 -2.191498164954685038e-02 1.843258894983956092e-02 2.849531897779438577e-02 1.523760171365618442e-02 -6.696524729616390448e-02 -1.696909025326346493e-02 -5.563460993575386135e-03 -6.429660441735443599e-02 2.706017304025962189e-02 4.731685936585337121e-02 -5.366225253569945064e-02 -2.273207491970430719e-02 1.445247158845107752e-02
-4.068006480365907868e-02 -2.879440227034824745e-02 4.513756333151937306e-02 -3.323488262551301670e-02 5.471686653289445021e-03 -6.439832600200094681e-02 6.359343087743071429e-03 2.136054775145336190e-02 -4.684542027400349223e-02 -1.060403107941030806e-03 3.535158634048113108e-03 1.444162585902662027e-03 -5.683631173609723919e-02 5.539059359424658435e-02 -7.400741983980012664e-03 3.764030644984513868e-02 2.099229945715766488e-02 4.531580431206394706e-03 -7.681564439298897706e-03 1.942210392948789596e-02 2.816106862071582340e-02 5.035841613125122220e-06 2.169374802018273797e-03 2.348307958596914172e-02 -7.644967239825053995e-02 -2.133304988197947186e-02 1.398997354539043281e-01 4.879990306285125062e-02 6.330077435458889359e-03 -2.122135535935217032e-02 7.339055003397057519e-02 9.924476442429176759e-02 4.929156218440458592e-02 -2.167517069069596625e-02 1.366357204851871392e-02 1.129760209226624533e-02 2.253899586028728155e-02 1.925771963767639039e-02 -2.610565270324713763e-02 -8.355668793022331953e-02 3.703927496372575942e-03 5.850005183850536493e-03 -1.629471729562805005e-02 -2.921550583558768510e-02 -2.980022557290880336e-02 -3.317361538055890735e-02 4.076513485716260626e-02 3.195403119618474980e-02 -4.669741264594095415e-02 1.303785802026281582e-01
5.132757428233214458e-02 3.568749781444912478e-02 -3.699632501066502099e-03 -1.413466449117276903e-02 1.260840827992322499e-02 -3.329987050313194114e-02 -3.287809987936102935e-02 -5.341915404543978643e-04 -6.789218546799024104e-03 4.782564768845545128e-02 -3.001518922166132239e-02 -4.811687821971520618e-03 -7.908665721153888828e-03 -2.362507890517171090e-03 -4.292653435266975681e-03 1.016141817098906858e-02 -8.022730875271543230e-03 -4.203615004684149031e-02 -6.968257557231473387e-02 -2.671287034164887206e-02 -1.973995128050815007e-02 1.972785077302143322e-02 4.481794445039672531e-03 -1.761947119053473496e-02 -1.859178161081669403e-02 3.707316557038624338e-02 1.476075483558139364e-03 1.171811320962406061e-01 5.168769807824263873e-02 -4.574958981767554556e-02 -1.775933446461355064e-02 3.070083253620640041e-04 3.038613091875251582e-02 1.176457419300656025e-02 3.870072857967438162e-02 1.164695620481897599e-02 4.218375920214641195e-02 -2.543386464170402719e-02 -7.248800765130580977e-03 -2.538897523910509102e-02 4.588671691160559757e-02 2.999608731257618136e-02 -2.754717242893916021e-02 -4.351199821205673640e-02 1.528979570226064039e-02 2.838064455447348103e-02 3.537654515892257184e-02 -3.535355167984510077e-02 2.630589670167770774e-02 -2.744426011824109904e-02
7.251166406798549569e-02 4.502414337243348941e-02 4.793797480211476735e-04 1.491413342887564983e-02 3.368442076637235411e-02 -1.130762023931321768e-02 3.141721748474975151e-02 2.078753301723388486e-02 2.282700893330391959e-02 2.054371803500469260e-02 -1.912862385359829359e-02 1.346880477618206916e-02 -3.625404370548507282e-03 -1.916928620275790487e-02 1.531955914322487983e-02 6.675522597670786873e-02 3.613120999273521788e-02 -4.660096005540960429e-02 -7.988065310063260926e-02 -1.428644323587578528e-02 -9.389239377335663328e-03 -3.203422029983502006e-02 -3.677446262873229621e-02 -2.654600868124866453e-02 -1.386288154499321773e-02 -3.487849907399534315e-03 1.596832231301611657e-02 8.118822251801141934e-03 1.467019753477615818e-01 1.990534685188802277e-02 5.033644721866178950e-02 5.032624244673724462e-02 5.196745978893240782e-03 2.486362573654117211e-02 1.523213773087212647e-02 4.853294238683639877e-03 -3.294196148763947878e-03 -3.469623634806118934e-02 -1.895511764662900778e-02 6.777743846692769851e-03 -2.883936260457992465e-02 4.282875174891649997e-03 2.824085966446359536e-02 5.595261485200526963e-02 3.044944110268217249e-02 2.560266076431175902e-02 2.206079974286866488e-02 -5.010084029194295657e-02 4.183318672666330729e-03 -1.807203975171434163e-02
3.323553650545009452e-02 1.672075664471463219e-02 7.919623174825539402e-02 4.921842346123508211e-02 -1.950059079006049093e-02 3.255291400037055999e-02 6.663402806674964540e-02 1.002446760607125613e-02 -2.179442367583483628e-02 -4.527973105624259059e-02 -2.184838609054775942e-03 -6.035908956459499347e-02 -4.677962290456805922e-02 1.887147238085449055e-02 4.212258912767404689e-02 8.007146197966931445e-02 1.131738111222140540e-02 -3.952123398656554737e-02 -3.358679177766075996e-02 -1.450347093342320686e-03 -2.780941126993190585e-02 -1.338001617353418507e-02 6.591786571207775003e-02 -1.886279597433378414e-03 -1.927640050220914142e-02 -1.901145681487679054e-02 6.303899517042483441e-03 3.568044940915286733e-02 2.070412968810591767e-02 1.290493359994068223e-01 1.862491996928889240e-02 -3.223137963122800747e-03 -3.041296879024009067e-02 4.317896602909158249e-02 -7.219680285213746218e-02 -7.229071079174710646e-02 -3.722608939554174906e-02 -5.049992321212436880e-02 1.892389971312863697e-02 1.283195221268562062e-03 -2.519266492465694826e-02 4.504445270683589408e-02 -2.091673261360914651e-02 -2.494711822121613298e-02 3.548821543816652740e-02 -1.596106485228463573e-02 -1.405229256996119030e-02 -8.801624452251308184e-02 -2.869823206005707797e-02 -3.416654242597682439e-02
-4.739923027811787648e-03 -1.032926122903167487e-02 -5.214464765219455761e-02 -9.529630167286334830e-02 -3.927280904459393672e-03 -4.212742703213934181e-02 1.164096945149838830e-02 8.051042027788006539e-02 4.532172756877330538e-02 -1.224182647398656043e-03 2.389146756335449456e-02 4.493755964988272594e-02 -2.138425293336770460e-03 -6.966507191588880432e-02 -1.366816194809600538e-01 9.486551784507643581e-02 2.828750538386969396e-02 -5.431558381309811723e-02 2.752414037358082849e-02 7.546535302009507729e-02 5.435137793920789828e-02 -4.441336673185733441e-02 4.842859177559270117e-02 -1.929384700654294266e-02 2.722267327395639855e-02 1.822470095868476345e-02 9.869616527298627484e-02 -2.590440251133993652e-03 3.208522733856082609e-02 -4.556889308730349003e-02 -6.056430315870684616e-02 -9.600566403825051831e-02 -1.109535075841370545e-02 5.581257478026840912e-02 4.347337273732605062e-02 8.025600517922110155e-02 1.331331079832839652e-02 5.715602422028587953e-02 -2.439958990778606090e-02 6.659119798803388168e-02 -3.184764483890620973e-02 4.474684543735214792e-02 -5.138513495971482048e-02 1.261968992894741716e-02 3.101276036783011392e-02 1.523037321388855982e-02 -2.333571843095387770e-03 4.128661032453426194e-02 1.843570428302822653e-02 -1.328210796306978914e-01
-2.857702967022968110e-02 8.792808455048263527e-02 4.130376561113678689e-04 2.016943115542211423e-03 -3.449613775886989364e-02 -6.467853671452560016e-02 2.570789135060625938e-02 -1.868193100384048927e-02 2.522898607147467526e-02 5.077732574387663032e-03 -1.554919521727497062e-02 -5.654063268022804095e-02 6.714507550473915176e-02 2.856701476573572998e-02 4.149429152523728681e-02 3.510911469791994088e-02 6.867956242180298099e-02 3.343970882684819262e-02 2.045575470115347516e-02 2.637658649102919348e-02 -2.626982125782920466e-02 -1.170148965239763529e-03 -2.638608266705608565e-02 7.543137460609442013e-02 -4.115324464082419260e-03 4.484930838379183604e-02 6.730923797026704125e-02 1.491464602500710245e-02 -1.256740077899043580e-02 -4.530122169397600429e-02 2.591210121775770758e-02 1.415780935533752505e-01 2.142119083646858158e-02 6.627293270434217801e-04 3.224124836613774525e-02 4.644072723350192722e-02 3.805794075440577934e-02 -1.779678416127712312e-02 -5.864334734097289420e-02 -9.526370617246964628e-03 -6.491851279127336394e-02 1.208887181484008533e-02 9.094649554107828160e-02 -1.976414709297965797e-02 1.999306644437968961e-02 3.485263509663305646e-03 7.814682888929804644e-03 3.270825077491382876e-02 1.565785559363695734e-02 6.041248191075751506e-02
5.443072608443037808e-02 -6.443403772195289980e-02 -1.946336530997174602e-02 -3.212814028327695692e-02 3.390389473362592082e-02 2.826229273239148215e-02 1.155570698458651367e-02 8.678830476748050637e-02 -4.681433496372356534e-02 4.001781568005504525e-02 -3.536141770381807936e-02 -9.809779293758282698e-03 -6.042702525583853318e-02 -3.695531157567850250e-02 2.671146791500362758e-03 -4.956673883875853392e-02 2.322190924631758330e-02 -2.167154350377729216e-02 -9.377035507561268246e-02 6.226104214549647679e-03 8.158896304130341254e-03 5.149341046765947699e-02 3.997579850126298240e-02 -5.126472641521023776e-02 6.597918654514717306e-04 5.133325330541352316e-03 1.878205956432675572e-02 3.875617298664570110e-02 2.660255083403186005e-02 -4.421383458940651712e-02 -1.059106665033834709e-02 -3.601027413134108568e-02 7.151312319243131876e-02 -2.758618389614288929e-02 3.941807605041065116e-02 -1.544244674010319517e-03 2.371009075202001534e-02 4.520325876933509700e-03 1.564343987078853360e-02 -1.178969174128627513e-02 -7.257361386762583265e-03 2.848411618920010380e-02 -2.545143568901964831e-02 -8.449960785791164886e-02 -5.730963381212600058e-03 -1.486734037499022089e-02 5.924183697756221258e-03 -6.643685684113831424e-02 -3.590783269308496506e-02 2.561902554782236052e-02
4.667664442941004375e-03 2.388025925644424868e-02 4.117554805364394277e-02 3.958890007009088080e-02 -7.407879268218002522e-02 5.750479921353821716e-02 2.845652612670104831e-02 1.741735148242070860e-03 -3.937248359407861074e-03 1.565760493255492075e-02 5.439001844068250789e-03 2.008235686670501244e-02 2.244110247909791855e-02 6.035668116270519190e-02 9.237929313134349285e-02 -1.585729312199269520e-02 -1.183601038898839976e-02 2.637132955159495699e-03 -1.200721207619693393e-02 -6.887155036939099362e-02 2.448231634788908956e-02 -2.924678536505256193e-02 4.347216786722774701e-02 2.544072706681569165e-02 -1.599904514263298695e-03 -7.579462387973951061e-03 -5.207943840599855295e-02 1.117007877326448191e-02 -6.153835182228109199e-03 -7.706325092573287558e-03 3.479893346734175968e-02 2.860956585718303635e-02 4.369287919286976574e-02 4.412569594464487571e-02 -2.152046367078122927e-02 -1.531144303512519539e-02 1.455228912945966992e-02 -6.267596839275722809e-02 -9.747703438104172655e-03 -5.160571260950429749e-03 2.282357912513163171e-03 3.882662011935544832e-02 5.091362831888707197e-02 3.344733187657177465e-03 2.630995788809398217e-02 -5.909264894464131418e-02 2.618541527701616183e-03 -7.641624627194998701e-03 -4.426485720521240730e-02 5.875550485878490437e-03
-9.929400834542334228e-03 -4.849585505601622382e-02 5.490890101345684456e-03 -1.197726303504360358e-02 -2.010216714435612839e-02 9.269730928687337432e-03 -1.177258156264183835e-02 1.633345786789548466e-03 4.042523198025589626e-02 -1.609582344091987569e-02 2.118365345353629206e-02 -2.380444626947299594e-02 2.211343080081907761e-02 -3.689629437188586547e-02 -5.878359085739987694e-02 -8.758565142465483911e-04 -2.555262007316133274e-02 9.089433256429814076e-03 1.566914448106428853e-02 -5.076050522799887069e-03 5.410294444024325508e-03 -9.769116153589992718e-03 -1.237046094194273541e-02 -1.884987075373251511e-02 -1.832378083155687676e-02 6.673285747915995783e-03 6.113478175316462010e-02 -1.178615092688699989e-02 -2.498824791193013199e-03 -2.163546911988530747e-02 1.390405833232107209e-02 3.107636952504052447e-02 1.830076032751580886e-02 -6.192665645820737141e-02 7.792025236669776478e-02 3.200956395081577810e-02 -8.831638697364925300e-04 4.888248339650464597e-02 -8.142739232636950902e-03 2.530774178803368770e-03 -3.808106331935497829e-02 -1.734790471644954101e-04 2.742938085846168689e-02 -7.364834732421215481e-03 -6.478621182939354149e-03 -6.085625997335354816e-03 3.341717246482615172e-02 5.379145968528761812e-02 2.418361420416798371e-02 3.051653254352458197e-02
2.528405590821106511e-02 -7.350735001544773939e-02 3.131647059473595396e-02 -3.131672520628222406e-02 4.075112040011365407e-03 -2.788508620787717024e-02 2.242097424863137220e-02 9.637115571617843254e-03 -4.354477419474067634e-02 -1.068627630940707091e-02 1.374004688142642372e-02 1.521561954711200988e-02 -1.812451393817186493e-02 -1.710661328806623678e-03 -3.894747002248481749e-02 -2.884004034778831285e-02 -3.145270052986086796e-03 -2.159086095688316984e-02 -1.921436155973012955e-02 -1.388610133959970695e-03 -3.954043529612952940e-02 -3.930664931545103935e-02 -2.051572230753866133e-02 -4.818092572693008502e-02 -1.571306241233545037e-02 2.450288356773198256e-02 4.825608535412768269e-02 4.599706919606537034e-03 1.301857218928042029e-02 -2.310347614155510571e-02 -1.839437169914716341e-02 3.793900815372736567e-03 -5.800568141982147263e-05 -3.020069471227657468e-02 2.500352058040725134e-02 3.642976479269387224e-02 2.616469306784346624e-02 4.070291845816902598e-04 -1.251955165614008310e-03 -1.174206846265481163e-02 -1.931185407244075678e-03 3.785577190517658546e-03 -4.235434919908103628e-04 -2.870222044485364055e-02 -2.228447756797440407e-03 -1.518356870528883747e-02 5.065137306860646033e-02 4.953440394851625628e-02 1.986405563245657868e-02 3.566971248532071342e-02
3.376679600567553119e-02 1.213345659026994310e-02 2.641459554345074526e-02 -6.831079275086505108e-03 -4.472190970338095484e-02 -1.403046235237675153e-02 1.391772892541055275e-02 5.622800161404784697e-02 4.478647324135969637e-02 5.997096844213839831e-03 -6.814670005629068711e-04 -3.584128656680450609e-02 -3.169956028749303534e-03 1.816988832302364465e-02 4.916469858604706998e-03 -1.085144272725275909e-02 -5.301491668903840493e-03 -6.026058158730319622e-03 -1.311759196935310609e-02 1.325362944440910094e-04 7.210125326969217714e-03 -1.346173760844405348e-02 -1.873400973439607112e-02 -7.254764967335933928e-03 -2.257062282483770967e-03 6.093296773992774168e-03 1.117896813169834067e-02 4.848386411589952760e-04 -4.294903642907306474e-03 -5.868635395620956652e-03 -2.099413100756174298e-03 2.897133123690264628e-02 8.356595390870842069e-04 -2.173334720755685373e-02 1.310472849850454575e-03 8.674615661078115963e-03 7.050089784433442863e-02 -1.692660263764874176e-02 2.115759011316784705e-02 3.944979250525035980e-02 -4.211380722710168084e-02 1.209479732622008828e-02 -2.361949856637669126e-03 -7.046073903760174256e-03 -1.651231632807540622e-02 2.844295099428419647e-03 -1.053700240825607669e-02 -1.118328223012475298e-04 -1.425369972724656667e-02 1.488280275090045519e-02
-2.807816926977167379e-02 -1.503621552865033566e-02 -8.702408501855852033e-03 1.376150760949385390e-02 -4.855884509111641628e-02 1.849156733570309769e-02 4.443004226872809131e-03 -1.498370470586501578e-03 1.073012334308750919e-02 2.350993212142937772e-03 6.161818404810107640e-03 1.147640419924608572e-02 -4.793960109625456517e-02 1.168818642307899863e-02 1.471480346436509525e-02 -1.585037948760879140e-02 1.467243925647740985e-03 1.320450356244212350e-02 8.844962080179494604e-03 -2.178901238078855690e-02 6.332255110336680592e-02 3.601932538506958173e-03 -9.682848228482834191e-03 -2.949150739035271557e-02 8.501861806642408564e-03 3.377633969982336143e-02 -8.258883734000481772e-03 -5.932901841363590750e-02 -3.101936019290872301e-02 2.773499828970845890e-02 -4.370747065560477707e-02 -3.621864131216511427e-03 1.212241886884666935e-02 -3.337277533861003620e-02 -5.789926769007867728e-03 1.198492859836442458e-02 1.544788853753251319e-03 8.693695046245339397e-02 6.311625430874719979e-03 8.408861732438080785e-03 -6.643351270788806773e-03 -3.848911520355194349e-02 2.608065420930878731e-02 1.951527417180361212e-02 2.604293796675987219e-02 -6.029996052615099050e-03 3.517709598960537358e-03 2.867335247036811516e-02 -5.449125700315483748e-04 3.295925849120490830e-02
4.259068407467517248e-02 1.562431966788970991e-02 -2.737820004071368080e-02 -4.997673137104918784e-02 1.823559688694005891e-03 6.708755752488709811e-02 3.985820075515453254e-02 8.097830170973992214e-03 4.192954374830976799e-02 3.528353477844431429e-02 -1.373449828003372314e-02 5.442944894839690101e-02 9.060230068961727667e-03 -3.646960580731516133e-02 -9.256696571833047948e-03 -1.178762842506611390e-02 -2.017228786130904894e-02 -4.827921591248239487e-04 3.295068414605576562e-02 1.937015447775495419e-02 6.842899374152450198e-02 -9.504810395640512360e-03 -3.692857451697568322e-02 -3.022788687689008380e-02 -7.859311655809294792e-03 -6.736663419187013599e-03 -2.683052790376108318e-02 -2.931177443303209160e-02 4.848700665341020705e-02 7.242153061427182570e-02 2.755145610371836917e-02 -5.980435714753758875e-02 4.879704890647817983e-02 -1.836089367364679772e-02 8.080990808247780904e-03 2.951007831691438224e-02 2.438209922380722358e-03 6.056042709343937083e-03 1.150286559536515402e-01 9.966231632685826347e-03 1.464066484444231583e-02 -3.368692368637172391e-02 -4.618238988882027683e-03 5.148031912046852066e-02 4.140530372552960608e-02 -6.218981253864170299e-03 -3.049335974849850389e-03 -4.224620906971100764e-03 7.656184876761358560e-02 3.446507927069746707e-02
5.308635627397196438e-02 -7.937780924840355523e-03 -2.593078188460797712e-02 -3.727263426335375440e-02 4.928911424060135327e-03 4.211523652350882517e-03 -7.664894147795880963e-02 -8.029849572966841001e-03 1.007834488268958759e-02 1.883565275589836260e-02 -6.505963800129195562e-03 2.461465304732057130e-02 -6.213770473905858537e-03 -5.251843308574585811e-02 -2.558103022675621216e-02 2.847775256654480960e-03 -5.167431594373272929e-02 -2.379920331666249972e-02 3.974919060436977319e-02 3.121406782937815455e-02 -2.220407410148983116e-02 6.875564386706858877e-02 1.155055186038973607e-02 9.239427794180167519e-03 3.870481520297475858e-02 5.544465914802260142e-03 -1.326144096350903925e-02 -4.151374662918682831e-03 9.998914422904710622e-03 -2.626773493489026681e-02 -1.742090612943530265e-02 -7.661221681346704060e-02 -3.437836995551194624e-02 -1.176894708946006271e-02 8.458182690541085971e-03 -3.031783946810128264e-02 2.044467410882393546e-02 -2.279579825342799987e-02 6.284262882915520043e-02 9.805471526916056946e-02 5.408860245380405635e-02 -2.996201650328574051e-02 -5.749456232993856858e-02 4.598918991961142844e-02 1.323541201243732569e-02 8.025258552769995446e-02 -9.587936211587422958e-03 1.648518202984228243e-03 -4.529272523186834293e-02 -2.611148740723913397e-02
-4.763865792522151144e-03 -3.687404181513884160e-02 -2.210413948331793263e-02 -2.141912391898048024e-02 -3.893534002598670555e-03 1.096542379886141991e-02 -6.776590296858364670e-02 -1.363064035739113694e-02 -8.599806359142617151e-02 3.143038515638574976e-02 2.747108199280737587e-02 9.481798296438766205e-02 -1.774925589454990488e-02 5.615104988041137030e-02 9.585842195409430624e-03 -3.447657032916873199e-02 -3.470551142033056341e-02 2.085272713779183495e-02 -1.067173803907714436e-02 -1.572635191651050590e-02 1.228571538574920775e-02 2.706499370466345505e-02 -1.199062739291267138e-02 3.189059223526381076e-02 4.508357623020976812e-02 -5.053833060047985964e-02 -1.670447780462323145e-02 -8.804470493870003925e-03 5.810967316909536155e-03 -4.692566771417473748e-02 3.445090085237907662e-02 -2.101726308706417315e-02 -3.014027817706768468e-03 1.914350253141323260e-02 -1.618272278463411470e-02 -3.430249457057218954e-02 -1.148940591597284733e-02 -7.394404174463832524e-03 1.221066806965280180e-02 -1.877467195089966082e-02 4.337735996200939304e-02 1.301037107507675879e-02 -2.246230091368376855e-02 1.420583227512811457e-02 -3.008893776623450776e-03 -3.446176249735941749e-02 2.823419102555102186e-02 9.450581292346342879e-03 -1.341696724314544141e-02 6.437566805549900517e-02
4.147539032354958383e-02 -1.191259608601049312e-02 -1.434394688872930174e-02 -2.866604967705064719e-02 2.015162917516449478e-02 -3.035389850314636553e-02 1.085455823918575480e-02 1.661782020380177943e-02 -4.213859697113853109e-02 5.675746251733111009e-02 1.940697333046598021e-03 4.664259296591004994e-02 1.958772118914805724e-02 2.579047338736552980e-02 6.881145264566444243e-03 1.314118013552036807e-02 -1.008137127741753604e-04 1.511554255523814283e-02 -1.240380219228968961e-02 -3.243480336398962827e-02 3.172343954156980200e-02 4.234824571609600852e-02 -6.321819289561624033e-03 -1.030581461891257045e-03 1.356409043132151410e-02 -1.318043622605436817e-02 7.363577735611837559e-03 6.272228605078698782e-02 -2.264389418246409366e-02 -3.375575585387413646e-02 -5.730172285870373944e-02 2.947703456269268329e-03 4.931167530558924067e-02 6.422028872281632973e-03 2.658346576480296805e-02 -3.706155461485585462e-03 -9.106483039194958329e-03 2.254478817461479101e-02 -1.940484561274689532e-02 -5.574147549768405235e-02 2.491199810115669183e-02 8.742207856781863962e-02 1.626262513255698552e-02 -5.385356120426721543e-02 -1.231864794006093736e-02 -3.298317709663987907e-02 4.962442464354512375e-03 -1.284713878273056366e-02 5.581817823689194311e-03 2.691823077005680437e-02
4.042333081148601071e-02 2.711646089374574950e-02 -4.956686582278782560e-03 2.977100622266849045e-02 2.646086356296094635e-02 -1.204294581514154562e-02 2.722200173468580092e-02 2.730979039747452423e-03 2.007066846710429259e-02 5.260247942772634279e-03 -2.099585440653874840e-02 1.548549563257139300e-02 6.341874814016591928e-03 -7.043715743395375945e-04 5.006180641625360313e-03 1.970694127529476827e-02 1.769725815068422595e-02 -2.620060783349418415e-02 -2.110231147570900551e-02 3.014386926309624987e-02 1.424360109129783024e-02 -1.747605488106465654e-02 1.653315806133001100e-03 -1.525410503213522721e-02 -2.085520366863072034e-03 -3.434379862182407490e-03 1.625964590096311280e-02 3.453430712446799167e-02 1.869790556263880785e-02 -9.508454776054485816e-03 1.282088174619618048e-03 -4.426870586469142804e-02 2.567309935136080634e-02 7.378745899236131833e-02 2.300351590285080669e-02 1.935776740706685387e-03 1.924743146812202396e-03 -1.316391272476886629e-02 -1.654203500649033959e-02 2.266898422228920754e-02 4.370693387674323693e-02 4.347575945209283116e-02 2.582421814378292602e-02 -2.795319220212467634e-02 5.839730751279250190e-03 2.936201615585874378e-02 1.748354980812456480e-02 1.502153595476776564e-02 -3.438105064964142726e-02 -2.667937402954830006e-02
-2.892681764627788935e-02 3.001063557965453696e-02 -4.194168119992856131e-02 -1.285783050463593265e-02 -1.898026975745234143e-02 1.793851512047440339e-02 -4.149686098326160061e-02 -5.768431434866515273e-02 -4.148297162315293940e-02 4.458758874407329348e-02 1.438693881558089985e-02 3.975810394269174708e-02 3.516616445915761446e-02 2.851126151058810954e-02 -4.017323822973278141e-02 1.076178270569205092e-02 9.675497859784484844e-03 3.692698922916323040e-02 4.798705394968503374e-02 6.071617070855581111e-02 9.053110425450863405e-03 3.702558066459072511e-02 -5.244828217914913188e-02 5.452648603841266789e-02 1.846100611709496769e-02 -4.825807852767841251e-03 3.828395599052696746e-02 -7.935622366612457568e-02 -3.122073670977169174e-02 8.006589672971277383e-03 4.064668453646941987e-02 3.095259491872145649e-02 -2.437132097468335673e-02 4.414147874408557055e-03 -8.343538184995353190e-04 -3.498522054837353845e-02 -1.568972690654478822e-02 -3.925036867087709075e-02 7.683360936984349673e-03 2.702171119499946483e-02 -3.141331590750002373e-02 -1.475261838850102508e-02 -2.178473769696718382e-02 6.789735652710274239e-02 1.395500580741453056e-02 5.063438059813032965e-03 -2.393395521814586924e-02 3.577361959212001924e-02 1.276260180842575705e-02 5.711574012277347012e-02
3.997151720562880373e-02 6.351024860146350925e-02 -3.385087927886140657e-02 -2.214270592406283877e-02 -9.834949425011452195e-03 3.631839544636433076e-02 2.639823168256818370e-02 -2.639768220240852961e-02 -2.231152635986091010e-02 3.453703333107984580e-02 -1.132625449170532143e-02 -2.580929780143648936e-03 5.322758189989136579e-02 2.292252623906986322e-02 1.843285800140553529e-02 1.576083240454546203e-02 2.387372614594793566e-02 1.363205654250402785e-02 3.791253445606426048e-02 1.445459162364390142e-02 -5.777026129637711366e-02 -1.020953879722643915e-03 -8.902893948480861824e-03 2.891937462200881714e-02 9.451883624046242965e-03 9.768840792824404207e-03 -7.585009447138111455e-03 1.630926240703321414e-02 2.274636096174725494e-02 3.955166070074625506e-02 7.484819292777925015e-02 1.205321164614896190e-02 1.368893891384370502e-02 -2.028822288629908432e-02 -1.111094864665936749e-04 2.131213295006419844e-02 -5.413744048934535959e-03 -3.987309401100017775e-02 4.232221078636085737e-02 1.597003564483087668e-02 -5.825974503972791013e-02 1.554292206279638206e-03 3.650119171360329418e-03 3.838575494906851238e-02 6.991534395590068285e-02 -2.812120468582988476e-04 5.570374115246971153e-03 8.563715760171244917e-03 1.013573621797126713e-02 2.646474593772576989e-02
4.171842167370041349e-02 -3.668319207825036874e-03 3.945778213648966294e-04 5.631732787190119049e-03 -1.324254777795415283e-02 -9.623159193772009776e-03 -1.230964281024266201e-02 -1.867518305524725267e-02 8.219632973151667259e-04 7.545273859795545868e-04 -3.002981034212100914e-02 -6.344087751189936286e-02 7.777444859460979493e-03 -5.091251742457426899e-02 1.384157921249048843e-02 -2.251746809702061258e-03 -1.512273519512994518e-02 -3.358093704760495984e-02 -1.228860429034835285e-02 5.729356134299603675e-04 -2.334378021010371715e-02 -5.302177552333178258e-03 1.887715932392744836e-02 -2.289909271466326543e-02 2.645193633559282664e-02 3.450867746399870900e-02 -1.847743770175919176e-02 1.905231377589482883e-02 -2.982374117842255794e-03 -5.361101606184057178e-02 1.904021579265292863e-02 -4.518787779544123501e-02 -3.469330942934198414e-02 -5.565391384888861148e-02 2.622549175582744238e-02 1.847457771497017578e-02 5.452130272712792797e-02 -8.470618197347699885e-03 -2.707091747828071354e-02 7.993040160378114822e-02 -1.827726499467505206e-02 -7.161534667798106525e-03 -1.089786072303972585e-02 -3.027001119979993646e-02 2.599990241881819202e-03 7.527832674537850155e-02 1.469276783439293216e-02 1.295830464432280379e-02 -3.409630170574338287e-02 -5.455564021650990969e-02
-7.965752111485908948e-02 -1.292116473675568658e-02 -4.992491520438142871e-02 -2.549420817011378154e-02 -8.757980424094155558e-02 -4.553262641056515098e-02 1.841829089277757445e-02 -4.800061402521973997e-02 2.844106398731962790e-02 2.196672716258439226e-02 7.911103618682880159e-03 2.513164085308768753e-02 2.384244943628344507e-02 -2.390577885934081284e-02 -1.817648830149132949e-02 -4.476714345620962793e-02 -2.060609520808790937e-02 2.973741474801421675e-02 -2.801828473598096808e-02 2.131231384084964972e-02 -8.185052977994606259e-04 -2.485094796787036195e-02 -5.525777050950596986e-02 -3.566532966914317399e-02 6.085961175970435594e-02 3.313933283185705597e-02 4.730349141697139798e-02 -1.702061104409806347e-02 2.990485369416201814e-02 -2.881101933502101115e-02 4.693101871149940249e-03 5.346448256195265869e-02 2.757446290345728565e-02 -3.576288805481231403e-02 3.026884840551268691e-02 7.167758280622163469e-02 4.165610927484451886e-02 4.841395016762160830e-02 -5.545490261905143548e-03 1.632251290592964463e-02 -1.892065020658436139e-02 -9.007079729098588445e-04 3.032044860986294536e-04 2.967567329989861252e-02 -4.204045584644868633e-02 -1.581170109057187037e-02 1.309669148699187657e-01 9.160137262822136417e-02 3.405907103805656116e-02 6.655128530912889084e-02
-1.064987771621515311e-01 -9.178687539776804460e-03 -2.162841550372703731e-02 5.393538803838473020e-03 -4.725681077107912742e-02 -8.440127130214573892e-02 -7.663353501717012906e-02 -7.882765056107847446e-02 -6.058875447346006443e-02 -1.428100928929152899e-02 1.040904653089968178e-02 2.922150662016203410e-02 2.982627557443900956e-02 3.873130551352049061e-02 -4.738092286043951717e-03 -3.208807488658439039e-02 -2.027491861771187759e-02 3.135234258097908261e-02 4.149361588475494050e-02 6.185820617442579911e-02 -2.734764479055244030e-02 -1.011530635955897907e-02 8.406259964523177600e-03 4.501098813661958548e-02 4.368368997663383407e-02 8.747942739654377547e-03 1.160513869686386271e-02 2.784593291579708779e-02 -7.321542093420863040e-02 -7.549819164794638326e-02 4.516196146866437167e-02 -7.804240353601556157e-02 -6.691045960596706844e-03 2.235700896470591090e-03 1.772986609858604942e-02 1.898667067861949803e-02 1.683838293759995497e-02 -2.295917550307840019e-02 -3.424567679528520842e-02 1.799122681198939838e-02 3.450949014261777553e-02 1.122378920770256312e-02 -3.015116080180573963e-02 -2.284611743856698740e-02 -4.858243011969773373e-02 1.061587686166652438e-02 9.685071676454339029e-02 1.649579622826632119e-01 -4.365638470514821706e-02 3.455205134519022392e-02
-4.905338844360992989e-03 8.014666919200072112e-03 1.304601486537249576e-02 1.971937491816629778e-02 -2.460598439445834881e-02 1.184391754857468636e-02 -1.612889485089911111e-03 -3.039250133624806297e-02 9.453171816053117238e-03 1.965132815958268910e-03 -8.866341287115591524e-03 2.107444239747643163e-03 -3.926046807850201020e-02 -6.233499153476626357e-03 -3.398788812405909715e-02 2.294520523166943340e-02 1.545754653605764008e-02 -4.711968708130612714e-03 -5.230560628356995326e-03 7.489240849870156327e-03 6.233046318588003967e-03 -1.792661522697058113e-02 -2.888848737088980587e-02 7.907769297446606068e-05 -5.514062294069226045e-02 -1.681875786224737651e-03 3.745796668551351627e-02 1.295287360970225760e-02 -7.251905345600233657e-03 8.727703231079225049e-04 -4.246483495902740601e-02 4.045889829029240131e-02 -3.261590254961507090e-02 9.593023034312329889e-03 -4.827274931402539618e-03 -1.122516203506529649e-02 -7.239018890010663100e-03 -1.140835943895969137e-02 7.875556935623362342e-03 -4.464117312417945765e-02 8.822779216208605918e-03 -1.461108866810007260e-03 -3.138906369786845230e-02 -1.821194180065595705e-02 1.734281003476029551e-02 7.074265452490064235e-03 -6.913822099878308772e-03 -2.606789476661882168e-02 6.807337364202799279e-02 4.063315380405647589e-03
-8.551220747212063059e-03 2.260083566720569662e-02 -5.611679721973244356e-02 -5.386465725374692259e-02 1.543779574696648241e-02 -6.001678804628889433e-03 8.304944988986725715e-03 3.569791577044694603e-02 1.721131228300210383e-02 4.895860298819395412e-02 -2.669567450061010108e-02 4.568830160201999002e-02 3.100495552717524948e-03 4.549829535278120118e-02 1.689364582682735538e-02 -2.749352870721307601e-02 2.797682201907661023e-02 4.560438974084712188e-02 1.206390885489772372e-02 2.812127373975023027e-03 6.038440549075751312e-02 3.554998564094315888e-02 -5.827046990306011809e-02 2.502463691471162183e-02 -4.789806050887941181e-03 -2.641982640994969267e-02 4.163465812332804196e-03 -2.417000015598796958e-02 1.921600441375294691e-02 1.653145130219654119e-02 3.270751412237241085e-02 3.725394948938163392e-02 5.481171362957096976e-02 -2.410925491927602693e-02 1.597792731349474346e-02 4.228219845578549962e-02 1.502948092616947229e-02 3.169372083974864029e-02 2.579992568954502657e-02 -6.141278944362711656e-02 -3.326995876634802896e-02 1.302603799143693328e-02 9.932836912303856167e-03 2.175907324880051869e-02 -1.990732519433472542e-02 -1.439950404263046733e-02 -1.744018601732660184e-02 -1.175704789054825804e-02 3.221480316529452825e-02 1.056017125725510208e-01
-4.584203