\\Weights for property-selection feature, generated with https://github.com/brmson/Sentence-selection
\\Trained on 138 questions, 1982 properties
\\Cross-validation MRRs: [0.24549049639823983, 0.1938671097809753, 0.10462090779176822, 0.14841981470132734, 0.2148069550816516]
\\Mean cross-validation MRR 0.181441056751
\\MRR on the whole training set: 0.223339337485
\\Learning constant alpha = 1e-07
\\Regularisation constant l = 0.005
-3.151038050056238337e-03 6.488882251416024788e-03 1.180375446638335518e-02 -4.033715506479576551e-02 -1.113492452001623410e-02 -9.401423867777198087e-03 2.396857089838278377e-03 -8.136771702394572300e-03 -1.440739896373422618e-02 4.978779260508058718e-03 8.833898293185290032e-03 -2.203512240375921083e-02 1.281512930841717524e-02 -1.978509222141529994e-02 4.439891131783321732e-03 9.501292137741495017e-03 -1.529253088513197675e-02 -6.294802751860167390e-04 9.697171130807898456e-03 -1.129193314973267470e-02 -1.806918044404550241e-02 9.937552875517239107e-03 -1.349280309516052555e-03 -6.557913606777492251e-03 -1.049086971234526600e-02 7.002855690923638285e-03 1.725114994047281802e-02 1.232243006652587389e-03 -4.496779796858849966e-03 -8.324260967659221841e-03 -1.568716208801364947e-02 8.943727361625394834e-03 -1.196740386020438834e-02 9.176240638735146810e-03 -1.015338107661820262e-02 -1.007144046192238150e-02 -2.145678434842206855e-02 -1.050642809538141105e-02 2.627022810831153299e-02 8.253066216829745005e-03 -1.156640970255032579e-03 -8.047913128066200295e-03 1.581612054272123202e-02 1.820161338353632960e-02 4.397052066806269102e-03 -5.293858349044572569e-04 -1.400672133674050156e-02 8.678590577152643301e-03 1.160378080427479711e-02 -2.259115922381972792e-03
2.595995301762668052e-03 -7.461878211691651101e-03 1.495477003529606212e-02 7.515008970968869648e-03 -7.404608350067539216e-03 2.472574607498910504e-03 -1.068883954980715326e-02 3.176112491848477343e-03 -5.507003247501101977e-03 2.882858239566033539e-03 -2.318563480742631341e-02 -5.812314394976461976e-03 4.909479956746668448e-03 3.495488690162237410e-03 -1.613841682887604510e-03 -2.246863029369757046e-03 7.609019099695924979e-03 1.655652352814481615e-02 2.941801029209993330e-03 2.463287446453238730e-03 3.201551129559570934e-03 4.415866826074142312e-03 5.549185259800321762e-03 -1.405133661186676493e-02 -7.303259512323600523e-03 -1.151473019981538205e-02 2.605900726789686650e-02 5.799430685587169884e-03 1.214172605642234448e-02 1.211544427543373784e-02 -5.297138654192075358e-03 7.144633001678159408e-03 8.032063772884210501e-03 1.492206268272256060e-02 1.321604526940756748e-03 9.130213417367616033e-03 8.475608176390165421e-03 -2.325296487417372396e-02 6.783350957817418751e-03 -7.955541392701697551e-03 6.445613081796482124e-03 2.344235806836829188e-03 9.305981892461926905e-03 -1.914790976624108389e-03 8.041985583005454435e-03 3.299596762648653731e-02 6.595376278259031284e-03 -2.327108942474637177e-02 -5.604816866487321442e-03 9.228719319787161840e-03
-1.268183425147644504e-02 -7.022370345076957461e-03 -1.277114330905949977e-03 2.407774567507309574e-02 -7.019553153530092710e-03 -2.587925821356335844e-03 -4.192886221930858075e-03 -4.123017822906230659e-03 1.661745831450360186e-02 -9.614940190436368703e-03 -2.128314331794672540e-03 4.166945227137142452e-03 6.895926998106707666e-03 6.950568654897682809e-03 -1.091030550859263190e-02 -7.567424558694036893e-03 -4.501100613626542873e-03 2.048697122929226625e-03 7.000066586252871870e-03 -1.038934068606392133e-02 1.360549886839480978e-02 -3.621962961817268029e-03 -7.913357329495031289e-03 -1.005656402130274650e-02 6.748297315632937644e-03 -1.149702477160950698e-02 8.811506754397306976e-03 -7.894596774044800730e-03 -3.123717838518721285e-02 -1.502921954505173196e-03 2.689695425432434353e-02 9.467606271176712100e-05 -1.579489605940611469e-02 -8.012173157041720811e-03 -3.338846646864133353e-04 -7.038258550249144353e-03 8.267794692709983309e-03 1.726993664007133583e-02 9.894214614528964308e-03 1.381041910368717646e-03 -1.183341993052950195e-02 6.720148254327339143e-03 -1.027527173173422778e-02 -1.840765547814446432e-03 -6.375785202237413581e-03 -2.640087334451909559e-02 3.148094468061192822e-03 1.601146722437337203e-02 -8.655655484132624561e-03 1.734850754557353686e-02
9.838971450101222094e-03 1.687659924163831260e-02 -4.506199849083726734e-03 -3.983004986718217608e-03 -6.106371042500541475e-03 4.046522276798138543e-03 -1.504427557353633059e-02 5.792975804237072458e-03 1.700563118962316114e-02 -1.049689224909885338e-02 -3.044004682916522705e-03 6.023219233031027429e-03 -1.661548313548333322e-02 6.430578279471423596e-03 -3.118889508370160327e-03 1.068585578189462128e-02 3.127977432824704564e-03 6.934565249346141998e-03 -9.829126520285015253e-03 -2.560477927563374265e-02 -8.690610706849887304e-03 -9.587329251980894820e-03 -1.763346538104077627e-02 4.282325047823225435e-03 1.316197956412082891e-02 -1.928235175008531643e-02 4.480963979423877204e-03 6.926597288061979918e-04 1.435718198968103515e-02 2.982028893757668851e-03 2.511821942796026597e-03 5.745951214058839240e-03 -4.886617583351174007e-03 5.524458168048427056e-03 -8.818637677580384859e-03 -2.155116348109534143e-03 -1.241500498493177708e-02 -2.267645965494740300e-04 -1.295269153671759106e-02 6.887778807015580013e-03 -2.123798166994459585e-02 -7.356170686608593315e-03 -2.072377716548060023e-02 -7.748206630404961409e-03 6.063206108177412144e-03 -1.377003141068403567e-02 -8.181732044353349706e-03 -1.434796631982243088e-02 8.838932665703635311e-03 -6.517648967060053582e-03
-7.992539229923876706e-03 -7.273157778284438345e-03 4.616365883035853518e-03 3.694347513465117382e-03 1.354990559024364313e-02 -3.475059349878678594e-02 1.395474451085368557e-02 3.743144543171261773e-03 2.938443241900329846e-03 -1.446143207811376001e-02 -5.260362266562023954e-04 -2.197151958858168373e-04 -2.080746164864478043e-03 7.207918141254372572e-03 7.396404259152375427e-03 -8.728636803594752927e-03 -1.011541926770886946e-02 4.954575601978256430e-03 6.208483805041264438e-03 -5.659809360201321048e-03 -4.870075044948956634e-03 -1.109564677872855107e-02 1.341685566326591104e-03 9.100005856560761542e-04 1.421350870246956485e-02 2.182565503940775420e-02 2.623846615056511442e-02 8.126633418979123391e-03 8.512843606770945093e-03 1.077666373501312558e-02 -3.098229711264575970e-02 4.375799670046977632e-03 -1.341028411010901193e-02 1.286887616884057825e-02 -3.106994673603802586e-03 -7.690319676330779723e-03 4.612571822753110638e-03 5.504586302449042921e-03 -3.691428274547384029e-03 7.361506301817625879e-03 -1.559279087590705569e-02 -8.975221552842574477e-04 5.538279082733684605e-03 -3.245852016268487017e-03 -1.111815693803888672e-02 -1.655686933062266303e-03 -1.766799551604172902e-02 9.922883742620895731e-03 -5.504397852324416840e-04 5.736655750623471592e-03
7.546347382030968616e-03 -2.340410498876878843e-03 -2.062337568846809785e-02 -1.311559719793157185e-02 -1.217740286876950462e-02 -1.454352137819719948e-02 1.928113098287840069e-02 2.056067405812282613e-03 -8.321371254257428629e-03 -2.709495550406905949e-03 -1.521966656809012851e-02 -6.006902587362103777e-04 -5.734677197420913475e-03 -2.398458643866674834e-03 -5.095306489320600499e-03 3.315453775037341053e-03 1.688592005840879474e-03 6.402378131927897661e-03 -1.248921489299263492e-02 1.955192311909751193e-03 2.699785502882081582e-04 7.857173506670082908e-03 -3.743841204006444039e-03 1.244675481299343731e-02 -1.687534894185241992e-03 1.208757822364246205e-02 1.289638551822673389e-02 1.287066461918994105e-02 9.514975152866008215e-03 -1.339588897860239129e-03 -1.294990465839023462e-02 -2.464993731404182403e-03 1.225039489547720059e-02 1.260499478083939445e-02 4.093164450485069000e-04 1.068440408115831769e-02 1.240334184376048511e-02 3.112347571172175646e-03 -1.767173111190586119e-04 -1.560354674819389945e-03 -4.941390674188103280e-03 -5.842140078540117125e-03 -1.328517595657098017e-02 4.600479368010714984e-03 -1.032217845103623396e-02 5.765636490494640762e-03 -5.768082053148399641e-03 -1.622161204960783851e-02 -1.114406052253065667e-02 -5.140659594347032207e-03
-2.027250296602381882e-05 6.618387018189320591e-03 -1.089659420871266250e-02 -5.815248285021248215e-03 9.385414553151730926e-03 -1.932381602529875328e-03 -1.275692277013431783e-02 -1.808578051806143672e-02 -5.217458498449933577e-03 -8.486501319752787209e-03 7.016010673746101052e-03 -4.911076251613931409e-03 2.849421344548850460e-02 7.818338399478050663e-03 2.923862051430286407e-03 -1.094193304673008078e-02 -7.344518272571885602e-03 -3.511656092913852112e-03 9.438942268417448503e-03 1.077694824173490093e-02 1.904498720256467444e-03 9.908163661309459663e-03 7.802330857374860894e-03 -7.228709908237444283e-03 3.536560775528548722e-03 -2.862213962787602635e-04 1.091459836912499724e-02 -5.662771440585892026e-03 -3.559327415688968294e-02 2.931747656933690344e-03 7.479793882921473985e-03 -6.740365718268075124e-04 -9.633886101829844395e-03 -7.452796818190710959e-04 7.963180418845139386e-03 -1.054488066464019137e-02 3.203742826627053574e-03 1.952805253377266816e-03 1.592746090443182896e-02 -2.452691117688511179e-03 -6.669293340179627272e-03 1.113250328101160480e-02 9.720906051546844562e-03 -2.344299304233476641e-02 -7.610830145570283110e-03 -1.503830870297933990e-02 -9.872102392559711087e-03 2.621412493250842649e-02 -1.606179994127189883e-02 4.257202071281753798e-03
6.701091404698044339e-03 7.967489499382860926e-03 -2.451050735514062259e-02 3.344308903536543157e-03 1.109068293336271235e-03 1.676031896819771272e-02 -8.469018594579789949e-03 -1.762930910726774603e-02 9.291738375382666698e-03 1.687763702065324042e-02 -8.142017886091075171e-03 1.694111815716721828e-02 -1.251605169289099657e-02 4.564753936335319562e-03 -2.412517047862960430e-03 -9.326979000725342528e-03 -2.057894016175105742e-03 2.347953687954527913e-02 -3.589281177860594464e-03 -6.980823647245383741e-03 -5.801789904076274686e-03 1.415714924672692573e-03 2.307205681495021893e-02 1.138879318401403093e-02 1.046981086074216805e-02 -3.614706733309642345e-02 -2.170376036063007691e-02 -9.448532269752526677e-03 -1.181116252511382259e-04 -6.311680646364562636e-03 2.998502420528934009e-02 -9.701053179910270122e-03 -1.322942803906681369e-03 -1.955654367979726971e-02 -6.659048363162286578e-04 1.990499448844255601e-02 3.763311714676730209e-03 6.294835522598483078e-03 -2.033001740417915426e-02 9.529051245073399262e-03 -4.031963440138532778e-03 -6.242835443226405628e-03 -1.596870887830174196e-03 1.294481578973224155e-02 6.102520645461136095e-03 1.100812956480033862e-02 3.677408596226162257e-03 -1.149629821900122195e-02 1.141817032900065663e-02 1.380468925622737805e-02
-3.193123640771179900e-04 -6.837805237021109088e-03 2.136216712076996829e-02 -1.890494698336760496e-02 -1.508371916404382170e-03 -1.292848827224886009e-04 3.148847539844773676e-03 -1.065960484297119593e-02 -3.605660975397915005e-04 -8.901774097107054487e-03 1.760665530997698085e-03 -2.285835763890606970e-02 1.860194546357383377e-02 -9.203548854826805459e-03 -5.579286071754931131e-03 2.563881750151714850e-02 -3.898305513740636316e-03 -1.077368983941121017e-02 -1.924723785523248807e-03 -1.842975052902752486e-02 1.573954258545712422e-03 3.485613582313521006e-03 -1.349122213916352682e-02 6.855552777688773622e-03 -6.389531484546803449e-04 3.813326982052322837e-03 2.098211690601596864e-05 -1.679215106333896770e-02 1.304411098925680607e-02 1.262970295904736456e-03 -1.370090236154146782e-02 -2.765722171071611276e-04 4.404317397401217443e-03 -2.283134607836785710e-03 3.531043334067449253e-03 -1.289375651532795319e-02 8.864561018696185193e-04 -1.038038241929007365e-02 7.470502343695049376e-03 1.847404788247004534e-02 9.618173926357279774e-03 1.923915815798495597e-03 5.081860512958533832e-03 6.462499147754111918e-03 1.267048458288695082e-04 3.437459390558625935e-04 6.397626974761047060e-03 9.521858085985280759e-03 -5.719487106195989164e-03 -3.238654816622802031e-03
5.123020972307068457e-04 -2.217401664028836525e-02 5.780628516809554682e-03 8.077553501537394418e-03 2.286267225168374037e-02 5.154594379712246753e-05 -8.006260294688975765e-03 -4.210751924649848432e-03 4.696656761198004376e-03 2.033358508846756091e-02 -7.263793354970939954e-03 -1.272026676631413285e-02 -1.485814947249508924e-02 -2.471750905133499390e-03 -1.241524542927505657e-02 -1.421481434503131004e-02 4.497191320214618052e-03 2.071246453274270399e-02 -9.116115486703265519e-03 9.838234719356370866e-03 -1.762198959973198392e-02 2.999135491373425885e-03 1.335899415673696099e-02 -5.782211621587501731e-03 3.421094863572001193e-04 -3.261384693782671488e-03 7.801716197534961685e-03 3.959306849253039530e-03 1.969652675907506215e-02 -1.788460626968732536e-03 -9.069854716615886880e-03 2.196520008464910093e-02 -2.953328783300917040e-03 4.461621026912070478e-03 -8.407969541810465797e-03 7.620108878467219543e-03 7.256548873305822440e-03 -1.921957086430415435e-02 -1.575605797981230894e-03 -7.015347434284727873e-03 2.597431723582921750e-03 4.935512225600894275e-03 -1.108066486493035634e-04 -6.755938210017757052e-03 7.510081164091689937e-03 -4.390950628402756281e-03 2.232538139409229064e-04 -2.083056105402006798e-03 7.842923422807070513e-03 1.667009359597104029e-02
-5.233408953725364899e-04 -1.429717320869525708e-02 -9.759112284216558617e-03 -4.580211479395805869e-04 -1.060907280269536394e-02 2.357156206727686887e-02 5.082388031703675459e-03 5.153304601177507993e-03 8.776389384391868054e-03 -1.425691305888730255e-02 1.662141760760547579e-02 -9.962411489149963599e-04 -9.375751594429460392e-03 8.234729218671684586e-03 2.195274843787158351e-04 -1.441244782809074018e-02 5.127835919509059030e-03 9.605411631419296520e-03 -3.049250832057762519e-04 -9.561380882650287460e-03 -3.282298449493238103e-04 -1.864557832195749463e-04 -1.957883212057657781e-04 1.897188521445745263e-02 -1.475073210349218435e-02 -9.670239480904660456e-03 9.472212924655613181e-03 9.487891898291514123e-03 9.320004732511509571e-03 -5.763508389759636544e-03 -3.029390928301575747e-02 -7.167881623291411618e-03 1.777921734938198162e-02 5.330857980287142736e-03 6.028572034293594277e-03 3.016770277690928627e-03 -6.200340255062438116e-04 -4.154848446230461267e-05 1.165465842650334136e-02 9.087824610164912942e-03 -9.993777580681978759e-03 -6.566651485012267933e-04 -5.197489505795218874e-04 3.137092381846125645e-04 7.375200428730683058e-03 -2.046122885737717157e-03 1.310170260789490261e-02 3.811253051999473427e-03 -1.064189073731453342e-02 -5.052237402664851336e-03
4.667579374487680274e-03 -2.396059822365316852e-02 -1.577130347005840580e-02 -8.689240925382502381e-03 -1.118671440479759513e-02 -1.825868150045630673e-03 3.076584184192992719e-03 7.993866046594693894e-03 -5.433214922247791602e-03 -1.732719672244564801e-02 -1.220591624529824074e-02 -4.511927782307525829e-03 -1.495067537411331852e-02 1.485432933017411319e-02 -5.336140567034251651e-03 1.167215261137403634e-02 7.470900973928927026e-03 7.892289831355859403e-03 -9.199304311124440608e-03 -6.551845950595617564e-03 -8.481901050430458444e-03 2.801989211124350596e-03 -5.967152446656927463e-03 -8.212638128652315767e-03 5.852412707140210515e-03 1.344565727096538703e-02 2.459223768695742787e-02 4.870464516461936282e-03 1.289062219076424383e-02 7.429637802854684864e-03 -5.139472663013461284e-02 -9.552802600918518933e-03 -4.476676401603888779e-03 -5.778729594625066877e-03 -1.434879069604955322e-02 -9.474648513035789643e-03 -3.089360900659043202e-03 -2.426001024414408107e-03 -3.194513778893780589e-03 1.981829642072742426e-02 -1.324600304724224929e-02 -6.689684868467343608e-03 6.829174166252026390e-03 -1.782587845171226815e-02 1.041362137312908630e-02 1.733624205343667346e-02 6.425801681545277762e-03 -1.057728680102421178e-03 1.568767040315621059e-02 -1.281511556752793282e-02
-9.008263013029082014e-03 1.601358336617053277e-02 1.566367872583526721e-02 -4.153497467247387401e-03 1.067118544908750820e-02 3.727999451972975609e-03 -1.022326260259485281e-02 7.537906432273280681e-05 1.600371859327507978e-03 5.986463808151962912e-03 5.000202133595782472e-03 -1.958489197395718584e-02 6.423648360910921493e-03 -8.302196150877998865e-03 -6.269133413746195808e-03 -5.429190945475727628e-03 5.429716066471197700e-03 -7.862994674694886652e-03 5.206290966816445182e-03 -1.518185970110788423e-02 1.212672813337526030e-02 -6.599907359048141388e-03 1.867267062013486939e-02 1.504387716187652151e-02 -6.423956471046281605e-03 -1.803100261115037073e-02 -1.947619493968153620e-02 -1.482139031563221333e-02 2.152631871088406604e-03 8.963612559956675788e-03 4.787039766706260857e-02 1.929911285998229392e-02 -7.078830516575825016e-03 -1.899048024789402921e-03 6.733750396541312525e-04 -4.325327307827360294e-03 4.187808532894674030e-04 -9.358164124420850771e-03 -2.220733494519111506e-02 1.545058383124205993e-02 9.703295850031009792e-03 1.838902430825895690e-02 1.367534602382961331e-02 3.703231872613626727e-03 4.581957762678289664e-03 -1.984903487422047530e-02 -8.979304041977446277e-03 8.899592801698356578e-03 -4.920950211025273968e-03 -2.654685418899369043e-02
-2.007574664020969277e-02 -3.037010074786037489e-02 -2.512484570305186307e-02 3.362760972788676663e-03 -1.021885553988145269e-02 -6.242346061679793397e-03 1.666723707456796780e-02 1.289785178066065775e-02 -6.816447401228621292e-03 -1.869478730994134780e-02 5.615802385099589837e-03 1.798572373269357802e-02 6.618873024496475972e-03 -7.038520575090858114e-03 -6.723724791779218946e-03 -4.003986298836297031e-03 5.922763788699809615e-03 -4.440800303888137700e-03 -4.821907448959565114e-04 6.862988395261689252e-03 -8.139164773469849748e-03 -7.584994450286892259e-03 5.798926701219517602e-03 1.723937653123225680e-02 9.158351169584874260e-03 8.037487714685136869e-03 2.509447776658358178e-02 6.873302929743228991e-03 4.067624613464354555e-03 1.050974825366016337e-02 -4.021143506983959615e-02 1.395917785866032136e-02 3.457097904935521170e-03 1.015684163353752084e-02 -9.498099398159376644e-04 1.372807422713652687e-03 -8.297798254869880735e-03 -1.033835953325774708e-02 8.568067699721524169e-03 -7.017136449426617439e-04 -1.657058237085069427e-02 -6.792569184974865540e-04 4.164120636832813150e-04 -1.531365188734973466e-02 -8.748937037744597411e-03 -1.795789659784325374e-03 3.335456335154340143e-03 -1.733856977430824411e-02 -1.274056658876980552e-02 4.711525480255681839e-03
7.950772265335881786e-03 1.637058761160364515e-02 -1.634532659810594007e-02 1.232306139964973665e-02 -1.487280139748126465e-02 1.521367481918082208e-02 1.292127791922265730e-03 -5.663410023773869824e-03 7.824169272431907504e-03 5.746232305669950712e-03 -1.761710113915066281e-02 4.874948794258273342e-03 -2.452041180999099245e-03 -6.034760836796642519e-03 7.947786469893178274e-03 1.802321837278179212e-02 -1.014034474022246744e-02 -1.100368133712828142e-02 -2.114803791579991394e-03 8.149253945093921925e-03 9.197550486712342821e-03 -6.738312728633715637e-03 -1.389860747570322540e-02 -1.548649073850237807e-03 -2.430452097158587038e-02 1.510991207166910086e-02 1.455483271060547742e-02 1.561650297405667298e-03 4.716926483183114804e-03 -1.614947845963302445e-02 -4.022380434615904776e-02 -1.423965132995108976e-03 5.337596119578542388e-03 1.093297095362654771e-02 -1.163932934241362774e-03 -5.817043667839728871e-03 -6.113461705427595400e-03 -6.652169259794975774e-03 -2.390979031220883625e-03 -2.337243701534475956e-02 -6.929604998184108952e-03 -6.342659561876269961e-03 1.396595538586313523e-02 1.445774491389533768e-02 -2.745212186377189636e-03 3.708117251119584252e-03 -2.083478501119501516e-03 -9.537734523490225963e-03 -8.469543031881044196e-03 -9.637607060174853890e-04
-6.359392621289291885e-03 1.577190269836538719e-02 1.533251471570502063e-03 -1.596778397498960808e-04 1.270748978628375965e-03 -2.619474974764053610e-02 4.153285550841951529e-03 -1.176951861119705268e-02 7.681600024897868723e-03 1.063830619258420221e-02 -1.527975765669577213e-03 3.476719764018292285e-03 8.737204812942832993e-03 -2.435934434358995662e-03 6.418602430591633344e-03 -1.093463956421833645e-02 -2.804235550317100457e-03 -1.790436608420131748e-02 1.515392011692515833e-02 -1.723095166433847789e-02 3.803304010821379789e-03 2.672765452722198395e-03 3.632709194897441960e-03 -1.706804939185298676e-03 3.249122406227267223e-03 -2.110295131276759481e-02 1.344038506346639621e-02 -1.826376692639854540e-02 -1.814971007317299836e-02 -9.353290911149543183e-03 2.028449997611421821e-02 -1.005805942847843790e-02 -1.128575781909769288e-02 -4.085209672259086308e-03 -1.120417037882755554e-02 -9.400091720308157914e-03 -8.884964377716677783e-03 1.034160400407512989e-02 -1.083030409224224576e-02 -4.065721492341072864e-03 7.965987834040707052e-04 4.086536268785632628e-03 -1.240076727460381889e-02 -5.828578054478659488e-03 4.568859486700727231e-03 1.345774437622306897e-02 -1.072041954224887961e-02 -5.232747907074427988e-03 -1.180283942603538912e-03 -1.508033826966539721e-03
1.354353217843541580e-03 -1.865516783361858763e-02 -9.761146235874739938e-03 -9.533862459419749358e-03 7.378921769986426273e-03 8.391735906183235864e-04 -9.276711314319367394e-03 2.868465226103047040e-03 -1.749457773630739817e-03 8.783468947465258164e-03 -1.024332275271904857e-03 1.379591006371644335e-02 -2.250198615518321163e-02 3.258180113752125184e-03 1.057316405441076183e-02 -4.770519302234353838e-03 1.061455939401970139e-02 1.148575750808176511e-02 2.661359811606955547e-03 4.413474731668632495e-03 -3.484250096753162274e-03 -1.466421954536780911e-02 -4.581369222195288277e-03 1.255188857601897100e-02 -5.242109996260581415e-04 7.092291066558196154e-03 -2.980571430452773254e-03 5.278518039834899974e-04 6.431247753307003760e-03 -2.077975713740393138e-02 -1.693871305610950700e-02 -9.088205809809691768e-03 5.433047225361567825e-03 9.708158830400890563e-04 7.129291786198200566e-03 -2.135670309167315636e-02 -1.910972249102300610e-02 1.729063749654978846e-02 -7.618612950352668389e-03 -2.453335453184962017e-02 -8.581541222303217323e-03 -8.031757996545608666e-03 4.237244222486731549e-03 -1.640079309426072454e-02 1.639408604647423287e-02 1.744674376455861847e-02 1.760993652204858456e-02 -2.153850660683488683e-02 6.484964005492739256e-03 -3.212669595577244668e-03
-1.489057015255529706e-02 5.076476457186665167e-03 1.409027079014987978e-02 1.164297170926084993e-02 -1.134042510804724943e-02 1.245883665126087426e-02 -2.388910688907139399e-03 1.303952493426121725e-02 3.710020957219880688e-03 -1.397934098151133731e-02 -1.322109924393186781e-02 5.063615364932734682e-03 -1.862614081937473583e-03 1.197541919215148326e-02 -6.918728393366082620e-03 7.663244782699653833e-04 9.367719630983380175e-03 2.334817199262918114e-03 9.054702151838719959e-03 -3.835433554696344918e-03 -1.021299551427728471e-02 5.820143296300735094e-04 -2.146991858859180393e-04 -1.110435839221900547e-02 -3.506861473267099127e-02 1.957686051904652252e-02 7.855432887724587282e-03 -7.570050740786977593e-04 -1.699559513444193204e-02 -1.331767473524277925e-03 -1.418927113817254095e-02 -1.716569172236130560e-03 1.447226979774160049e-03 -1.018190277003312629e-03 1.887316318746908419e-03 1.564781482401746138e-02 -4.470963588623063159e-03 1.258246796591764444e-02 -1.332736469966694717e-02 9.033324211667163525e-03 2.415504413672436325e-03 -8.884447623787809778e-03 7.558061633395090316e-03 -1.780298422245388213e-03 1.343419904339731089e-02 -5.302223762310914919e-03 9.177415799681237427e-03 5.843091021227760778e-03 -1.114291117531356068e-02 -1.057049287040431581e-03
1.333851670202614026e-02 1.205663766552452117e-02 -2.181923002367028557e-03 3.152472665120986846e-03 1.766843601627803928e-03 1.909920454768915948e-02 9.217142748117464895e-03 -3.280291042717685401e-02 -8.825079164116908861e-03 -1.383247024518016906e-02 2.103228177139929503e-02 6.019751265986208371e-04 5.638239572963639826e-03 -2.892717236385406419e-03 1.786337491233288242e-03 2.285843249025643932e-03 5.013156923936470249e-03 -1.341422044141359722e-03 2.640457797068063162e-02 -1.691754591825615382e-03 8.461845979372399108e-04 5.690605448461732649e-03 2.529372084671281922e-03 6.963397166564513560e-03 2.405083178254975584e-02 -8.823074653039357160e-03 -1.655507257838042395e-02 -2.229675263892180043e-02 -1.224418386049784709e-02 4.705003061936952231e-03 4.095363714460921456e-02 -5.977564941027099874e-04 -9.181470215357184078e-03 -2.078606313834220620e-02 -2.324548437726610666e-03 -1.287075766455142781e-02 1.218441119974688833e-02 7.799532596676515134e-03 9.993827749002513056e-03 2.035040251352187093e-02 2.803962842669904462e-02 1.517902331499200799e-02 -1.008705897887393101e-02 1.678948177858389720e-02 2.540200287375019884e-03 -2.014808184879873787e-02 -6.597465325756200934e-03 -3.953670684994663696e-03 -6.076751464773441982e-03 -5.896521200937392647e-03
-9.946706808640487507e-03 2.677114669841977428e-03 5.348152321729003796e-03 -3.867989857320541444e-03 3.812949042751094704e-03 -1.348264467564550678e-02 -7.679534206855327151e-03 4.593451716541762687e-03 -2.689816048559342740e-02 -2.391824893448199138e-02 -1.401164572822210207e-02 -5.113851445286521184e-03 1.582797831026720378e-02 5.582635220214785497e-03 -6.275142744782231594e-03 1.507850447615621294e-02 -6.041845282011143285e-03 -1.326884111325690556e-02 6.264082280936310700e-04 -2.153607148987215364e-02 4.270880216919990119e-03 -1.680869317696431211e-03 -1.663399546506596789e-03 1.344604095669882718e-02 5.841681822152808767e-04 1.316846597364413132e-02 -4.048125331045119776e-03 5.004289688674163142e-03 9.107611393993015128e-03 -1.913278905107698670e-03 -8.424382220579545305e-03 -3.183007169845094436e-03 -1.256249730771420020e-02 4.230703236130162886e-03 6.408439245469534605e-03 2.699011487114094578e-03 1.642614904312349536e-02 6.259523463180352923e-03 -6.194481543449360111e-03 1.292419566262836481e-02 5.223833038943513120e-03 7.390441271986325153e-03 8.910371013941223439e-03 1.467090922400094040e-02 -3.724951412206105403e-03 2.918506391635253706e-03 -1.613057588738774084e-02 8.183998098661493525e-03 -5.117813455584490842e-03 -4.233518851676884749e-03
3.713712240166719934e-03 3.290493028555725730e-02 -2.852061331548728061e-03 -8.489809177268353713e-03 -5.396184209185296739e-03 -9.488632967712028665e-04 2.164247176467058199e-03 3.189356413685243835e-02 9.292216131724364767e-03 8.738611258863224554e-03 1.938676185725830836e-02 7.463388758009861963e-03 1.211151071031289729e-03 -1.874591321820067921e-02 1.768452370437362600e-02 1.795813351566314525e-02 -7.824561508253070549e-03 -1.692013289940843060e-02 1.069516507112720609e-02 1.410858601479475158e-02 -4.366867573400075656e-03 -1.790887619738007128e-02 -7.595059753128938912e-03 5.733658460258918635e-03 5.168530547589055869e-03 1.327430338028182805e-03 1.342846721908791743e-02 -4.505655831842846244e-03 2.383294132908345131e-03 5.756233139635177042e-03 -9.811774747863060211e-03 1.440326960860819142e-02 -3.100194150764337773e-03 2.528748174975414733e-03 -8.413349361719810876e-03 -7.068758078361237276e-03 1.399483826807225439e-02 1.221633936045283045e-02 -2.890644367180428796e-03 1.823570290929571501e-03 -2.871085931154930288e-03 -1.444764387338547118e-02 -1.582521705868875431e-02 -1.030512706289545694e-02 1.137206280735928061e-02 4.149007386504497373e-03 -8.744395686152433775e-03 1.983343985246710170e-02 5.070387834785980777e-03 -1.237777996259302286e-02
2.367212455241671926e-02 -3.458844259705459723e-02 -7.331283500504094837e-03 -1.052980445537519006e-03 1.042436407848591415e-02 -3.668055702144032513e-03 5.220245112485454204e-03 4.905228753343261446e-04 -1.199702628076426865e-02 -2.229331045313181353e-02 -1.586885261005428760e-02 -7.931402043269175292e-03 -1.034304260372178805e-02 1.109029300507032717e-02 2.117844800518570072e-03 9.769859476391350075e-04 -1.963461010552568480e-03 8.842198824190604552e-04 -1.739073599701565151e-03 1.331840084902035336e-02 -2.338734672159625827e-02 -7.237041874787509405e-03 1.214262025090773883e-02 -6.927069174776052246e-03 -1.079832723715867587e-03 1.390567928280658262e-02 1.296759226777158790e-02 1.700276290215377295e-02 8.529639482886776022e-03 -1.165193361035541005e-02 -1.607085148885162296e-02 -1.344781859373609138e-03 -3.333087105740401446e-03 1.449082998136076586e-03 8.280667639121813001e-03 1.702290134196816213e-02 3.324249919670381991e-03 7.262303221140654734e-03 -1.571392977208640193e-03 2.252954805874251166e-03 -4.620977620358342891e-03 -1.515980389712577635e-03 1.152600951516806992e-02 -1.158853325046150205e-02 -1.967927498646067103e-03 -1.039498515363975265e-02 2.232073145323287475e-02 -1.054149020884909312e-02 -1.264207924626426817e-02 -1.677547057015825113e-02
7.180956182286464193e-03 1.213836600318698652e-02 -1.840728324418239911e-03 2.178695462741234135e-04 1.162380963636758897e-03 1.779761745661368301e-03 8.621021591662093864e-03 -7.049408500533370023e-04 1.178471284751850777e-02 -1.300422418043059754e-02 7.629188895507682186e-03 -1.551484819667238099e-02 -1.796918565994136754e-02 -3.000481257905713434e-03 -1.343072728551130898e-02 4.078512490957963803e-03 7.767955582615218221e-03 1.341870975132192050e-02 -6.453987532326637203e-03 5.830688224372425690e-03 4.636797639201408611e-03 6.822540708020522621e-03 5.570131796079493859e-03 2.266858823364303888e-03 -3.578310247774555124e-03 1.065971886976885795e-02 2.937767112753378231e-03 5.033600788113355880e-03 1.070745511678853137e-02 6.428603708906592898e-03 -9.178448576356431840e-03 2.063697796582700163e-03 -1.757877398268916898e-03 1.847956514208715529e-03 1.660501941209812163e-02 2.235670727662935134e-02 -1.000467391599431377e-02 1.241138335419213591e-03 3.500545055641289625e-03 -1.619462797249402244e-02 1.547035040181850285e-02 4.518191488538429723e-03 -8.414588050935603580e-03 8.995407956045364806e-03 1.537943791474796935e-02 5.595749954290519558e-03 -6.188515399336939719e-03 -3.213947405906731171e-04 -2.285736319322619753e-02 1.109199255715716606e-02
-1.398530719618257256e-02 -1.632923786899641641e-02 -1.370142228359626409e-02 6.940177986735296617e-04 -1.015869913451805315e-02 1.833408311805608589e-03 -4.714321736040674206e-03 3.237745592640271699e-03 5.267599560436153627e-03 -2.511955174273549192e-05 -2.024873225818616188e-02 6.948632319413090321e-04 -2.146485698885580370e-02 -3.665593620720617677e-03 -6.616820738858952139e-03 1.932138900833494950e-03 4.929357146631422812e-03 1.071115563301086246e-02 7.341634027252368641e-04 5.774037231813860735e-03 -3.701629664723241845e-03 -1.297755485919882719e-03 7.740563514778328255e-03 6.499841826382433095e-03 7.462129545626183628e-03 7.262317243581071016e-03 -8.561398778082814770e-03 1.065748989925290567e-02 6.043276814246200182e-03 -1.417693369132469981e-02 -1.996227930991266008e-03 -2.455410252250644736e-03 2.965049748940598758e-03 2.824763206846228614e-03 -4.954220636943350992e-03 2.483573077296861650e-02 7.534729082964602628e-03 -2.909313026447874016e-03 -6.043798799391859530e-03 -1.525604732716904360e-02 5.815928934338472633e-03 1.400539449864047006e-02 1.373774651030793513e-02 -2.597616687292948756e-02 1.134595100674766315e-02 -1.875320342451128677e-02 1.314520871570367018e-02 -1.054718884025105134e-03 1.461212541489273486e-02 9.978692217632367800e-03
2.046976713666439577e-03 1.488859663635892045e-03 2.682656519037322513e-03 1.838672638061907005e-02 5.169454761376299223e-03 9.747047824937796895e-03 5.626917674722999203e-03 -9.808528635696223477e-03 1.483279976054739137e-02 1.752737006658956070e-02 1.166708657293989530e-02 9.858317017333959476e-04 2.811227298401142247e-03 5.324834446888236997e-03 -2.430307517046396189e-03 6.516020984308785492e-03 -2.116532338328053209e-02 8.636987416618573457e-03 -1.357449243969179736e-02 3.830034410529655365e-03 4.473823031774624634e-03 3.658646768350402607e-03 1.297102005941212603e-02 1.600653274821174990e-02 -7.782248102519929902e-04 -9.404983140682185092e-03 1.644489548088072170e-02 1.040313493456130473e-02 9.855850637491718469e-03 8.135023327759921107e-04 -2.337110708943185983e-02 -4.548763588460188502e-03 -5.724278205461936705e-03 2.915605324963984040e-03 -1.263890217560943198e-02 -4.538199067255949972e-04 9.986640895604869533e-03 5.634958518937715523e-03 -1.643397089705222677e-02 -9.350841966720384660e-03 -3.945561437604481504e-03 -7.444222722406679954e-03 -4.506650602830907654e-03 -8.734947733952161050e-03 6.676356143863319305e-03 1.703902847748818908e-02 1.429497641660395363e-02 1.668503334131912069e-02 9.495871071782796199e-03 3.638288124222738805e-03
2.256635987464194072e-03 3.664520337961597873e-02 4.564089046678319536e-03 -7.181565958501407582e-03 1.368979249479667509e-02 3.796414751817235329e-03 -3.196638178845642025e-02 -2.423183016772645360e-02 1.135141818939459056e-02 7.813370865312736432e-03 5.577066513164795694e-03 -1.458538820677813923e-02 2.004076423466797513e-02 -1.522654636100405530e-02 1.689846722135727314e-02 2.117879117869193167e-02 -1.660161099114905447e-02 -8.269604612186884363e-03 2.675219716461287728e-02 -1.322598311642067537e-02 1.019082401788462544e-02 1.149251655496688097e-02 1.174430533284446902e-02 6.274531551509586989e-03 5.950139698388174671e-04 -6.780514975939860856e-02 -5.373389136262709392e-02 -3.536635160371865566e-02 -4.580627674546181721e-02 1.471844160099490366e-02 1.187461463721559696e-01 -1.411827653655110468e-02 1.899760352777480309e-03 -3.348992944514304210e-02 -1.311107580491090684e-02 3.192361464444698742e-03 5.845075869511224230e-04 -9.755736965957632553e-03 8.320308487066312847e-03 -9.368695447380748567e-03 1.297662158358343400e-02 -1.906981247924224420e-03 -1.187947651749273609e-02 1.412302306015160609e-02 -6.981615243021548241e-03 -9.299864979632020820e-04 5.827316244731842350e-03 1.819484239074768001e-02 1.879303475575419026e-03 4.290355921586852875e-03
-1.578400697082869494e-02 1.116551064291785439e-02 6.257475829051098795e-03 -9.408230568218397746e-03 1.831333514608920326e-02 1.091088654628746477e-02 -1.436749700741446999e-02 -1.472674700250210106e-02 -3.607523377286874552e-03 -1.692340743409766765e-03 5.466553651523509486e-03 4.227533034446009745e-03 1.019432680069560539e-02 4.079130306376179131e-04 -3.500148384684740460e-03 -8.620881734898611093e-03 1.352231353069500638e-02 -5.865920356359184511e-03 1.318274088605250922e-02 -1.448968723729807812e-02 5.423822887614491474e-03 -1.498615989545786821e-02 -3.867119314167681912e-03 1.182960378936690100e-02 -2.726096966512346186e-03 -1.673391193035468974e-02 8.566396864812678494e-03 6.102456879430432149e-03 -1.017748391630369890e-02 -8.503585352598328276e-03 1.052124885193097409e-02 -1.492253626264339848e-02 9.785149823482929346e-03 1.504400132810408425e-03 -3.657473415212426134e-03 -3.487370816884685382e-03 2.790921130356152982e-03 -1.700548245926511003e-03 -2.826169342914919454e-03 -1.782855991985444338e-02 -1.675545897926201608e-02 5.642826983846402009e-03 7.832020856313895094e-03 1.407373666911684688e-02 -2.647901433461805065e-02 -2.374337239302561769e-02 -3.538133668693142254e-03 5.049129745165159902e-03 1.404530105340252334e-02 3.460509064110874229e-03
8.469821777498011059e-03 -1.016653862023392599e-02 -1.098890664705259000e-02 -3.651995034727490742e-03 -2.686853437420030563e-02 -2.098919833482051911e-03 2.399656743888570925e-04 9.979431040007143844e-03 -1.234154349314840575e-02 2.813512062394076321e-02 1.180041517601397409e-02 2.329684296594409457e-03 2.075885806278895615e-02 -1.317019192013546038e-02 -1.715640957653013360e-02 4.809728602032384108e-03 4.879671308911482470e-04 4.105194355766354254e-03 6.003870116162480369e-03 -3.680559262511854616e-03 -3.762519841053479225e-03 7.176402728714438746e-03 1.988439797009598081e-02 -1.505855022994348133e-02 7.920055091967257224e-03 -5.572192762576081392e-03 -9.898621920241318720e-03 -2.725732338651129169e-02 -5.907419753862268308e-03 8.206705121240654571e-03 2.058833985737852992e-02 -1.024546320358929105e-02 -2.808572428592945053e-03 -1.352299766726472278e-02 -2.002222139860504371e-03 1.986158039038335953e-03 5.984467965762320417e-04 3.202725062732231318e-03 -1.853011233298652166e-02 6.361912214095849505e-03 2.779472001313130873e-03 1.119374632887668204e-02 1.187714434648253110e-02 -8.848803676169192172e-04 2.597426234279711851e-03 1.910985447601420148e-03 -1.032267483747943693e-02 -2.490088710097005872e-02 1.560836071127877020e-02 8.028379875642675106e-03
4.160740848694059052e-03 -1.040469284795112435e-02 3.951293327344273035e-03 7.614537028950723110e-03 4.029630514516178985e-03 1.693065773391951717e-02 1.206937510269252486e-02 4.518338441778507329e-04 2.655664672269515691e-02 7.852357132390545488e-03 -1.350507150325061002e-02 1.309326866030038200e-02 4.731918911503438154e-05 1.033058770762561480e-02 4.967696884283296505e-03 2.152780817870459751e-04 1.151665253627357985e-02 -5.835468523839755332e-03 1.034640312635988664e-02 -1.614703565056570429e-03 6.135764040199253797e-03 2.060851970702144362e-03 -6.886937877169064907e-03 1.822468778886034146e-02 1.060828769505057882e-02 3.499059090460945702e-03 -1.999073011924826660e-03 -6.800628356479387210e-03 -1.176677199688686525e-02 -3.851010409463832395e-03 -1.435883200365220937e-03 7.063292030745633998e-03 -3.786083006324960937e-03 -8.941379260986889385e-03 1.173663893950928583e-04 7.255415758563909905e-03 2.708166276774265965e-03 3.886915195756504657e-03 -1.540479081862608166e-02 -7.752790833763159931e-03 -2.283312155648076561e-02 2.552926201453872140e-02 5.385613704712926067e-03 -1.036070190597589147e-02 -9.663804096357826029e-03 -1.207811707918625410e-02 6.906816400683983906e-03 -1.166024208170525316e-02 5.314464412406569478e-03 1.061696043168921036e-02
-1.845318575784490878e-02 -2.747106841826200355e-03 2.201479143731364246e-02 6.627523653838256722e-03 5.176577239576052487e-03 4.998195268018147154e-03 -2.097136706911769885e-03 1.575023442467520787e-03 3.016640686706074936e-02 1.526295986971851551e-02 9.915365658680444158e-03 9.070417021143381206e-03 2.429537909811896323e-02 2.990020372155431823e-03 9.130175880836685631e-03 -6.101308655937181906e-03 -8.038358290724231803e-03 9.528547553414033408e-03 8.135497535180613582e-03 -2.117333866845655041e-02 1.515824068379199516e-02 -3.884041975053591222e-03 9.246895418245403356e-03 5.711145439052245885e-03 4.057424073744585538e-03 1.532714270333556230e-03 6.633408012496573580e-03 -5.250478216020305205e-03 -2.575236900551848909e-02 6.693040253796542736e-03 2.574357302762985897e-02 -1.731223934069870112e-03 -7.180396089376479656e-03 -3.319968924349802394e-03 -6.273455250299452652e-04 -8.352127068052704953e-03 1.165885772146000969e-03 5.906597702370401833e-03 1.295211392193073609e-02 1.802998677041564579e-02 -3.110382456824679290e-03 -1.747333878988295347e-03 -3.554540397107344100e-03 1.764550030798740093e-02 2.879999510592373777e-03 -9.057194006349666635e-03 5.422610987770449652e-04 1.305462479413053989e-02 -1.899914650080545761e-02 1.264206157077186143e-04
2.810046237082951606e-02 -4.607633811632323023e-02 -1.875075316201961842e-02 3.406072327398677185e-02 -3.756552246617497759e-02 -2.906142725813750174e-02 4.009999646760116498e-02 5.411316566404016787e-02 -2.393402593558251537e-02 9.426211069215543331e-03 -2.484916799965102702e-02 2.861344683210079870e-02 -5.984132590359753090e-02 2.705159314682826707e-02 -2.364247766694894948e-02 8.704791344427086595e-04 1.313571341264979653e-02 1.463416835119956891e-02 -3.697090651001815054e-02 4.648292258772507290e-02 -4.888814128725556263e-02 -1.594562838334453395e-03 -2.386496347422079056e-02 -1.053656170177226514e-02 1.686284991263196226e-02 8.871064786562392335e-02 5.588249440553229308e-02 5.879028100828103537e-02 6.803821784442667941e-02 -8.294300682292903709e-03 -2.493437684819865274e-01 -5.628590182048069917e-04 1.527778100938721913e-02 5.707384838474420519e-02 -9.734098003442583080e-03 4.155000573626541939e-03 -4.294267098349310169e-02 -7.229641168916134744e-03 -9.415311195654170809e-03 -2.337489487187498216e-02 1.848742090537286789e-02 -2.367520592422528783e-02 -1.782393323451341230e-02 -1.032376874484073302e-02 4.581442262560588008e-02 4.057013639881242029e-02 3.713000178991912592e-02 -3.383107017447886666e-02 6.408626595683525676e-03 2.371507633462166184e-02
-2.993650717312800781e-03 2.072274703927785497e-02 -1.611348861696617826e-02 6.406719918241930364e-03 -1.584942092327474433e-02 1.247298057883540826e-02 9.022592258176073687e-03 -4.265451564254682873e-03 -5.065364056970270666e-03 7.190285989288229714e-03 -3.501050533907533978e-03 8.985791501391194105e-03 -1.735012761840592013e-02 1.452755694451676738e-02 1.283484024235319841e-02 -2.738863229996471235e-02 -9.212648513248447579e-03 -1.168905035850623716e-03 -2.429568660201428601e-02 1.343063947281016544e-02 1.101462089425057911e-02 2.379267734653473486e-03 -1.006814300831576810e-02 -6.803943146929720791e-03 -1.093617995487724572e-02 1.052690208369306407e-02 4.785108652567898746e-03 1.944328880611877544e-02 -7.196779747321729176e-03 1.508951712869569146e-02 9.838551798830516559e-03 -9.845375356523121749e-03 1.623359947510404772e-02 1.979031057938094879e-03 -4.176744890959194038e-03 1.251109101875397429e-02 -7.647322569964356978e-05 -6.550640088119129983e-03 -1.293337073654948766e-02 -9.366038063283602458e-03 -1.602679053747432109e-02 -4.475735233170296222e-03 -1.540475230142258727e-02 -4.448785192435540832e-03 -2.573001381078710015e-02 -5.858627720497798508e-03 -9.472197321834288294e-03 -1.759432099541118760e-02 2.336012336873671130e-02 1.844015941444070161e-02
1.515564522084635914e-02 1.282643354498144532e-02 -1.246454995879835333e-03 -7.078898213246528209e-03 -7.202802441442580743e-03 -4.799090890353409919e-04 2.032582872894944485e-03 7.517026453599039842e-03 -5.632988189540375813e-03 -1.300047633873572216e-02 5.100428686109111098e-03 3.949835733332637128e-02 -8.703962043845332730e-03 -1.438287274494093370e-03 1.120449643911689344e-02 -2.933842574967698760e-03 -1.828567787969831437e-02 -4.156174461443707356e-03 -1.082050052984176100e-02 4.081210317542611175e-03 -9.435373617890154344e-03 -1.501712222092068186e-02 -8.023139612646074809e-03 -2.720239377941502910e-03 3.636689266577714571e-03 1.251483453829683318e-02 5.284716450122543471e-03 9.361641570277630430e-04 6.968001238272109217e-03 3.866282869116874788e-03 1.439514426727742796e-02 -3.567926603022260942e-03 9.011490911735016082e-03 1.747859040572530840e-03 -3.790044270631447599e-03 -6.301337714518493588e-03 -2.036660295948171037e-02 -8.231962645103289150e-03 2.255381405124437175e-02 4.085626259651826270e-03 -7.696897522560421437e-03 -2.935029993692634710e-03 -4.879779287256287221e-03 5.345566859068747075e-03 6.727455251367782732e-03 1.309422139728254678e-02 -9.363177311098104180e-03 1.129125136351025009e-02 8.013715261517033103e-03 1.165489899936733402e-02
2.240895489443506597e-02 6.365517290897491215e-03 -7.983199576549930912e-03 -9.577445984628164127e-03 4.758033430103537909e-03 -2.363406070749874462e-03 -6.874235353413832295e-03 -1.308395674340965230e-02 9.142628374355081522e-03 7.713467970416120617e-03 2.294078302373250312e-03 -8.020910877473159256e-03 -4.466834105386546967e-03 -3.052684542583506723e-03 9.229103335400721739e-03 1.474368859124555731e-02 -1.645294290140559765e-02 -2.690263177858325319e-03 6.675319633502438746e-03 -1.030305546629859195e-02 -4.831074507667208057e-04 -8.220275233191689027e-03 1.493349024877382684e-02 2.089248155888886148e-03 3.542935371021419411e-03 -3.529064022192307526e-02 -7.706021162295757093e-03 -2.981587721083927330e-03 -3.761438773056236841e-03 2.956466545461462932e-03 4.085888446202350782e-02 -1.021242277230824738e-02 5.122113912205735614e-03 -1.245149704517002805e-02 -4.997438935832701143e-03 -8.695353281056531630e-03 -4.130626656233797427e-03 -8.534345807714836460e-03 4.645199831144600222e-03 6.202727715101212513e-03 1.394964514669400080e-02 -6.550963130473717692e-03 5.976625007344617269e-03 -5.207029183438801646e-04 -1.129288443793373745e-02 1.179890774943163738e-02 -3.776359204198601136e-03 1.937979445475007841e-03 -1.158368826669379896e-02 1.546301214160370613e-02
2.094184453614130609e-02 -8.464800714043291263e-03 -1.309480866659269542e-02 8.517252267357720494e-03 -4.666758310752418606e-03 3.997445761257994654e-03 -3.811950689313724737e-03 2.978326850219872694e-03 -7.694436032336078937e-03 -2.678873223186896066e-03 -1.050669415139457788e-02 1.686930323123707332e-02 3.636120091779512439e-03 1.313074381686147110e-02 4.871922504168743097e-03 1.326475916747793917e-03 9.647587427198209969e-03 3.741114322524359461e-03 -1.791492894946147786e-03 1.597880572145739253e-02 3.768058951928559327e-03 6.821252954019823948e-03 -9.694416787535933139e-03 3.731925964194057060e-02 1.970323305193405657e-03 -4.164311670456405205e-03 -7.104920025242776431e-03 -8.635479422993891374e-03 7.926973562379232511e-05 -5.958182876145919071e-03 -1.576373297014533464e-02 -3.359635451629170832e-03 1.089422852498349650e-02 -5.763441589059246917e-03 7.763136790720760695e-04 1.458805665346713659e-02 -1.056806395910467149e-02 -3.220375074768821490e-03 8.897607806753912024e-03 -1.298150065873371513e-02 -4.458438077152888576e-03 -1.290091708159363248e-02 5.916084791352692850e-03 2.205817233360384509e-03 -1.739267481380356653e-02 -7.285140023478492433e-03 1.299533821234709861e-02 2.460790802852557205e-02 5.488309354363410386e-03 1.251090747684943487e-02
1.332173380093253827e-03 1.223837279410316080e-02 -1.798658910173012507e-02 6.635815800442183658e-03 -1.259735584019337339e-03 1.087967713983654071e-02 3.446888242377459631e-03 -1.121848114852684770e-02 -3.440157353907662141e-02 1.646778191745290262e-02 5.859291642202767072e-04 -1.810722583170743536e-03 -1.963124658385046947e-02 1.326507062870282798e-02 -7.809459777661541431e-03 2.727318006485699407e-03 -3.348735269836085587e-03 9.852093733272294582e-03 -1.749503074783758175e-02 3.600164524414854739e-03 -1.468123147036261636e-03 8.277815496979520904e-03 1.136916888011633466e-02 1.988964940177385260e-02 -2.758574937852510353e-04 1.159702062279063638e-04 1.016629027573099503e-02 -1.519167873079751594e-03 2.337982898835192988e-02 -2.591810625891933714e-03 -2.232981877797480738e-02 -1.468781696589086146e-02 -5.119540691769786100e-03 3.432090504683139517e-03 3.228020234505339040e-03 -6.326779478823653727e-03 -1.922135673557458582e-02 -2.254477687840100372e-03 -8.111784920810128155e-03 -2.806639138793680637e-03 -7.306441444756047419e-03 3.718557471036958943e-03 3.637792062116840686e-03 -1.338674239816635718e-03 -5.146127656004711477e-05 -8.515603937496441650e-03 7.308388314718424796e-03 4.476478952207298134e-03 -2.800202214484407998e-03 1.380869661001206915e-02
7.382404996474945490e-03 -9.133523674667421918e-03 -7.155186455126559715e-03 8.916806683521710797e-03 4.929329468437031007e-03 -1.054612764542302988e-02 5.400280408632334925e-03 1.503160766599473050e-02 -4.785776650761623674e-03 7.298383470128337602e-03 -4.709372817161789487e-03 -1.010176473542457980e-02 -9.793750915280532293e-03 -3.473946225911085737e-03 -9.396389317116699003e-03 5.600650195951607790e-03 6.663316227687547492e-03 8.814886033151609138e-03 -1.634222837341226670e-02 1.307742081090288062e-02 -5.565340136991776647e-03 4.388642054678618294e-03 -7.793052633615815163e-03 1.507267700682804598e-03 9.233650757141203397e-03 1.119291271699838705e-02 -1.346847171173277784e-02 8.847488406313419249e-03 1.611996085455316002e-02 -3.312080878748390259e-03 -3.178906401227801076e-02 -2.732132922274789835e-02 -8.518499407696129150e-03 1.677132196764646171e-02 -1.714426781004617373e-02 -2.677411692706666967e-03 9.876768596353622913e-05 3.058556584121516382e-03 -2.930459877675800802e-03 -5.827343288920445313e-03 5.340558350986582270e-03 3.358578849354849558e-03 4.365313169118373825e-03 -1.396797143079216152e-02 -1.043086804267117891e-03 1.079707312191278534e-03 1.175369657927263431e-02 -7.881882097783241350e-03 -1.569286723792833252e-02 -2.751409733850610721e-03
-1.973706825978293992e-03 -1.108124498853758043e-02 1.934771533820648553e-03 1.121092185898608928e-02 -1.906010871776737600e-02 9.841053416597597345e-03 1.310965820721069104e-02 1.079172644326690557e-02 8.860526810477753132e-03 4.363486818738123818e-04 -1.395738796210697213e-02 -6.011685283973640728e-03 1.468265777570867958e-02 -1.535136024318818453e-02 -9.247287997788199154e-03 -2.060187034019259761e-02 -1.374547647455216445e-02 -4.522279676066721411e-03 -1.565547053598054586e-02 5.266533369800069364e-03 -4.497600404240263694e-03 3.065932302693606670e-03 5.075445880477582380e-04 8.277246086790236712e-03 -2.727805852871689057e-02 -1.026944300086367117e-03 -9.993399952465377434e-03 2.437588354388800505e-02 1.289100393330333896e-02 3.718009961834714723e-03 -7.767527320493986150e-03 8.005469320917354623e-04 8.230493262135835791e-03 2.858941287087460401e-03 -1.859595841641885350e-02 -2.429506247512809840e-03 1.001018593607412924e-02 1.064800290283575770e-02 -1.170172322950611618e-02 -7.969180909098264737e-03 -1.240725568857569197e-02 2.171598483269135491e-03 -4.114085536063497375e-03 -1.108099603310555570e-02 2.884878937007073936e-03 3.865227037948916304e-03 -1.048585939567230063e-02 -6.153446924269422198e-03 -1.080594561201310422e-02 -3.741176242679737987e-03
3.831741740702557502e-03 8.575335734037603172e-03 -2.300175677523505838e-02 1.858667360313522032e-02 -9.136479067816784608e-03 3.514388522252913025e-03 -3.327362292844767908e-03 -1.044432166854374067e-02 1.223043106698376049e-02 4.656992519244092590e-03 -3.632944090025823532e-03 -3.662221739666273335e-03 1.497964064504149484e-02 3.092579934659278173e-03 5.228147814883834718e-03 -9.978441825199786328e-04 -8.443991095194783997e-03 -1.526747099017201513e-03 2.359350111325915142e-03 2.157687803884621863e-02 -8.102995976017948743e-03 7.838353859479405342e-03 -3.988558918358925051e-03 -1.099765823660054688e-02 -7.796825989277711248e-03 -5.697559839421138111e-03 -6.991844615836001649e-03 -8.081871744708210917e-03 -1.396478358089392122e-02 3.090333066299948400e-03 9.294849596787930698e-03 -3.255849754636383226e-03 -9.982192578457591697e-03 -1.442572505565251940e-02 1.629522046487799983e-02 -2.597656593965849345e-02 2.595962294716462442e-03 -4.085464525394003066e-03 -6.363763897425666477e-03 1.292344638525725134e-02 6.159763094131654251e-03 9.031763427649648276e-03 -3.962160006507350375e-03 7.760134808185854523e-04 -8.198363384040346577e-03 -4.689549318661376904e-04 -1.041196826705539924e-02 1.197825703754926488e-02 -6.064709297036985879e-03 -1.098262701952873455e-02
-1.401393168158462238e-02 2.349226495115712757e-02 -5.003179476052207163e-03 9.331704787204512857e-04 9.455327493813033349e-03 1.056381364558840220e-02 4.191021633300338022e-03 1.259632708571382931e-02 4.771471767495509206e-03 7.949026189218281763e-04 2.107138222444226300e-02 -2.249338091108006241e-02 1.927284864907926124e-02 4.962776387305121474e-03 9.426113926669997534e-03 3.078373486517566385e-03 6.891965297792869254e-03 -3.004954719231088425e-04 1.971295887756507881e-02 -2.033204575947885132e-02 2.916103148953690279e-03 1.098942687655349477e-02 -2.444101876896927900e-02 -1.007236945308949763e-02 -4.305170462658666243e-03 -1.552718565601420540e-02 5.642035381829790114e-03 -8.274486074773431538e-03 -9.316590074034916680e-03 1.256110913229148938e-02 1.173905184797753229e-02 -1.518361789719681158e-02 -9.902379040224769044e-03 -1.436132798948119328e-02 1.809953441300640384e-02 -1.601138358652005531e-02 -8.962875840047268214e-03 -4.989197071970754779e-03 1.420333302917278426e-02 9.258147337211421538e-03 1.796519923030965096e-02 6.431517393490851324e-03 5.679392871738255487e-03 1.013776060488266739e-02 -1.145645297247240187e-02 -1.980025188283807830e-02 -6.495792675353256190e-03 -1.587437673206019279e-02 -2.077665949076945920e-02 -1.597057537762121282e-02
-1.450604775653139070e-02 4.431175969680354113e-03 -3.896856865444483630e-03 3.833724634145173164e-03 -3.018375766913304354e-03 -4.288209784315424530e-03 2.084589188896323123e-02 -2.228372927787298022e-02 -3.156139075518692941e-03 -1.692423233471290062e-02 -6.075958835177826430e-03 2.014561382435949065e-04 -5.208969515767046185e-03 3.191552809176688606e-03 1.066514070206425052e-02 -7.516565233678595363e-04 3.504667304172890806e-03 -1.163628663671628996e-02 1.141801879656071002e-02 -3.251020103645364508e-04 -4.546694551726408913e-03 1.193238197732389601e-03 -5.711022417568786466e-03 -5.328095473093762656e-03 1.936392993756836517e-02 -2.140655656971032425e-02 -8.815688434226260110e-04 2.019653373454362213e-03 -9.935006248316079203e-04 -9.265585746001416684e-03 1.494908978682991246e-02 -3.104603608264437133e-03 -1.073598823306968217e-03 8.411796753219446046e-03 4.383819622609316270e-03 -4.080763476645907911e-03 -7.398459042503850724e-03 6.855102245290707955e-03 3.593130982682663042e-03 -2.474843134997896984e-03 2.018373963422409254e-02 1.191195738448626827e-02 3.497926906666321608e-03 -2.609738648176666755e-03 -2.742585015643520408e-03 -1.440581364969493669e-02 -9.415873938497498416e-03 -1.188617929924224402e-02 2.250395027926202149e-02 1.105148471880050207e-02
-4.373556021574524950e-03 2.449174372196209325e-03 6.219087164016490589e-04 2.588654875031121041e-03 -1.879433548698208889e-02 6.158846086411251357e-03 -3.126406343492872577e-03 9.519246989406471987e-03 -3.931607955161990457e-03 5.445186438148970527e-03 7.878839936698309523e-03 2.068999767754621175e-02 -6.360249535305837094e-03 -1.857267033205814780e-02 6.318766108611643950e-03 9.919122792800836100e-04 3.960922198245668546e-03 1.696707551510070458e-03 -1.420952700568259806e-02 1.939094815831419929e-03 1.187538787789234156e-02 -6.791862915678873727e-04 1.900601275418657308e-03 1.096092781779268999e-02 1.309084362406040189e-02 2.305576215502449697e-04 1.208380687301913343e-02 5.272900923189357278e-04 8.458735245693538643e-03 -2.599927825363575369e-03 -3.694699077592974307e-02 1.821841650392516665e-02 3.775267371016697085e-03 -1.838026283126150198e-02 -1.212418723809370255e-02 7.027519790203291122e-03 -3.096244059346648855e-03 -4.057596926274071453e-03 2.327937282419240833e-02 3.179918912924668047e-03 -2.732566148569128342e-02 -2.113523838590931469e-03 2.138530352974156445e-03 -6.654856819416229378e-05 5.907133939370348176e-03 -1.090080006032473998e-03 -1.158476805981670764e-02 -3.361003977648735399e-03 -1.454824253839082440e-02 -1.143137646605301740e-02
3.102634446282656502e-04 1.381016680757009805e-02 4.422817237973315427e-03 -1.336236148630301664e-02 1.552288731272444267e-02 3.014763617740499977e-03 4.639970352976201425e-03 -2.968810904145661664e-03 -2.489193142697466478e-03 1.648454893500134882e-02 -1.927449732815439062e-02 5.574376232420068245e-03 -5.526146948478990670e-03 -2.957788688275092559e-03 -1.813813266261693523e-03 1.285407680671039540e-02 6.110881029823293439e-03 3.553603425299060956e-03 -1.481556494587055878e-02 -7.241559546945538182e-03 7.945785256783018807e-03 -3.293817985958470674e-04 -6.328659934588585709e-03 2.557157155460886792e-03 -9.468434091787190227e-03 1.107751209138442723e-02 3.529779626242453977e-03 -2.574826695005992105e-03 9.184520465344549189e-03 -8.660259256921402568e-03 1.556433144965363100e-02 2.188248109369521355e-02 1.608424146218252792e-03 -4.615246724245760518e-03 -5.013434968656957369e-03 -1.363435320834951829e-02 2.196513285296007936e-02 -1.412234889852235359e-02 1.193294608997550084e-02 9.661106862242765936e-03 -1.657088829515605821e-02 4.054570144315719493e-03 -1.161409830898386779e-02 8.683113641991490467e-03 -1.317655887290177484e-02 7.004903040189426264e-03 -4.642218344518423377e-03 8.551533545647024143e-03 -9.915487998825658206e-03 4.467539730685415357e-03
1.463342361417879940e-02 -3.182028825729249499e-02 -2.800001811713177888e-03 7.846019829566223958e-03 3.262230179436825719e-03 3.044110447534068009e-03 4.012923349019281195e-03 1.637123581022833022e-02 1.064455302498083268e-02 -5.277489937233462505e-03 -1.876039196767909090e-02 1.894179379138138941e-02 8.349144201700305079e-03 -3.495597939748753668e-03 -5.805791118158965501e-03 -5.926421579905871012e-03 -5.039487902654635545e-03 1.058542343288994617e-02 -1.219811738931888753e-02 -4.244313822100239872e-03 4.129928996318164847e-03 1.203946177476398691e-02 -1.527740156761015280e-03 8.141521747434885339e-03 2.111690205311512677e-02 -2.244397473719137091e-05 -1.910522739585246432e-02 2.049813301168062346e-02 -9.735053801560278677e-03 1.073499036611396014e-02 1.169154746516493787e-02 6.010924122128205290e-04 6.777273241880012004e-03 1.154231996557175850e-02 -2.172079405606598332e-02 7.400446264610511431e-04 -1.201606490384332995e-02 5.373605076902772393e-03 5.154411323892023030e-04 -7.868476194691101031e-03 1.379666929549569140e-02 8.921264249469996023e-04 -1.140401085431881623e-02 -1.418539717076643288e-02 -2.510828375758674888e-02 -5.855773377485990264e-03 3.634445346361607401e-03 -3.949203368386651350e-04 1.739474418834433033e-03 9.531410343105279140e-03
1.506240024414360473e-02 8.052314141209397994e-03 -4.248455823884421563e-03 6.973839935707766384e-04 -6.994197725896451195e-03 1.332287205580869570e-02 -9.376070992112777586e-03 -3.627459572996634928e-03 -1.624800539653497786e-02 -4.169051221017676281e-04 6.497044140825613753e-03 -1.044310451028563312e-02 -2.686660016501802532e-03 1.442473140163832643e-02 -3.986316859626548928e-03 1.422003742822556399e-02 -1.021683557429566057e-03 5.116280986844696415e-04 6.236464618974884634e-05 7.983276142362464786e-03 -9.560610809587550413e-03 6.735110118932718590e-03 7.522981277199710000e-03 -1.244034833773442587e-02 5.640553296568045702e-03 -2.501722075607499401e-02 8.483543206831244479e-03 3.548735769585488562e-03 -7.138818906326021077e-03 1.863161464458340175e-02 9.758579457857616268e-03 2.265576060973280292e-02 -1.623747856699541206e-02 7.485348277110897772e-03 -4.435958321001120912e-03 1.216073220519356575e-02 1.098589453488314077e-02 6.295591724107230461e-03 2.139002099630221698e-02 -3.804822817469270032e-03 -7.064616792761248265e-03 -1.885268537160936925e-02 2.095422440021085103e-02 9.263202550142627528e-03 8.683404009407267102e-03 1.003491750311528291e-02 -7.839933776496070886e-03 -1.337116895948680870e-02 -8.353824751845085467e-03 -7.685604929600706701e-03
-5.797452747456491480e-03 2.085938532345410230e-03 -1.495389957716506367e-02 5.708343937471701803e-05 -1.096655984975399402e-03 -1.689482548438783066e-02 6.723429854456747061e-03 1.633271118764353935e-02 -9.585870593233007664e-03 1.767045899097613448e-02 -5.258792952231573087e-03 -3.260898297624418630e-04 2.508477863318653821e-03 1.441277272978937901e-02 -5.875040024228801901e-03 -6.162652516502699351e-03 -1.717018720214674027e-02 8.515929805291119802e-04 -3.257056709895955098e-04 5.359492555533917901e-04 -2.318694202713707589e-02 -1.121276062634462981e-03 5.921889849852069419e-03 -1.053805550610358542e-02 -5.735545013350195828e-03 -5.546643194628575815e-03 -8.412223450290265067e-03 3.594267449280197195e-03 8.342754435674363742e-03 -2.508030207353176277e-02 -3.559126411008920604e-03 2.337821395810850585e-03 -7.480818285371640571e-03 3.060077456965569140e-03 -6.546049095799372740e-03 -3.520877029170914763e-03 2.613053546696387109e-03 5.475183120091956998e-04 -2.366778247230415244e-02 -1.343441823566145395e-02 5.015485257926779409e-04 1.046418068420562793e-02 -8.021508653289681143e-03 -4.774128454084021131e-03 2.739615288869539766e-03 -1.661555950262465393e-03 3.284042932299650278e-03 9.768402944304817315e-03 1.477719100957999073e-03 -7.845779011157055522e-04
-1.272478042010110298e-03 -1.232795499020478830e-02 1.372740242776588661e-03 7.353084211078119575e-03 2.461704859706973034e-03 4.636594577995578441e-03 5.383328608047804539e-03 2.004553555720198438e-04 9.828188422715208178e-03 -1.622040558199773150e-02 -9.187128244807813912e-03 2.018938922756463583e-02 -2.160428205191904441e-02 -9.871079498163374752e-03 7.899996530601961081e-03 -3.352958612565123259e-03 -5.297444704971400811e-03 1.007649316692246257e-02 8.717887870365996841e-03 -8.670685594373998828e-03 1.166439063618124675e-02 1.291427348959847329e-02 2.173512064085766915e-02 -5.216665240782472623e-03 9.298650128065329493e-03 3.037829278768697499e-03 1.377907428938485342e-02 3.110555113853909898e-03 2.136124985755154249e-02 6.058786572625620998e-04 -3.131052593644450491e-03 -3.397184374815143473e-03 6.990558982246731015e-03 -1.068407014763910444e-02 2.509574908439623966e-03 9.314749779549127279e-03 9.534966873896891237e-03 -1.024172464177440858e-02 -1.131630403038159927e-02 1.800440183907821637e-02 3.085212507555556982e-03 1.562008417761108492e-02 1.459426670637438764e-02 -6.064964449894616298e-03 6.722491548224074354e-03 1.804046365921106385e-02 1.536375393657210715e-02 -3.162724881665094235e-03 9.959384713203239467e-03 1.347630369249897334e-02
2.667381095746478373e-03 -6.476840036411313402e-03 9.703491748349590482e-03 -7.978063768837922662e-03 -1.217128620312409905e-02 -1.437632080690131806e-02 -1.385590239417588444e-02 1.705505707016266017e-03 1.247420906567683375e-02 5.225693902513165769e-03 5.699799228475786218e-03 -1.112531707213279368e-02 9.282297233217566904e-03 -2.840960303391731022e-03 9.531755571362612867e-03 -1.948425173115953587e-03 -7.328958928288355039e-04 -2.991762959895373931e-03 7.808011544409455135e-03 -1.894134265248882329e-02 1.691037910308586245e-02 1.605886404606597087e-03 -4.587770194850529504e-03 1.672196597069412413e-02 8.144437398549829454e-03 2.505371436513551594e-03 1.215345582056617801e-03 -4.425962993168445353e-03 4.144545671210855473e-03 -5.965475242108639158e-03 3.001325115818255160e-03 -1.134286290811045879e-02 1.136666825178954746e-02 2.392973521140901328e-03 -3.754915286699287303e-03 1.114348713588110724e-02 9.302510064663722239e-03 1.462124263004598544e-02 9.117209577819555474e-03 9.205005692237587175e-03 5.649523995524286316e-03 -1.578071482557800304e-02 6.216805180591621245e-03 -8.719288766456284243e-03 9.814183533949881466e-03 -2.444207275965991702e-02 -6.207131121871512294e-03 -2.409591200497736513e-04 2.215382953825042935e-03 3.668431232949777732e-03
9.260970960381264411e-03 1.353856262476916400e-02 1.582356268948410458e-03 5.134461928860419890e-03 1.053299268727092564e-02 -1.776763634452140084e-02 -1.337627245253137330e-02 1.009152549726983865e-02 5.313280056320743294e-03 3.343064290899280550e-03 2.905385765498941057e-03 1.907672530428672700e-02 7.389789204140751952e-03 -3.193637248480682683e-03 5.066313077108251448e-03 2.288188748816604617e-04 -1.631455378043835530e-02 1.772289152959911906e-02 3.703390591745324596e-03 3.796845121119924501e-03 1.359368030225692296e-02 1.234448702704582339e-02 1.119596458286007887e-02 -4.239135850175912955e-03 1.989377190135810033e-02 2.194040281882768395e-03 5.436085644328924639e-03 2.963559728554846298e-02 1.019744328246174198e-02 -1.003277201355167250e-02 -1.256177101470699930e-03 4.388136837582487688e-03 -7.268502552906569089e-03 1.372932524624838682e-02 -1.031913614352731635e-02 -1.147072251246116425e-03 2.446794184179006473e-02 2.203164489875171494e-02 -1.038093742527726807e-02 7.845212578679535559e-03 1.752271738577248356e-02 4.535122386533955822e-03 -8.148147893420654847e-03 -6.985780581792923327e-03 2.446011537446083402e-03 8.038072602849832826e-03 8.885787580035244253e-04 8.738808297916310364e-03 -1.284250910418599859e-02 2.161059382492705808e-02
2.740488570235731589e-03 -1.314867475649219956e-02 -1.268601426406232822e-02 1.581452996820634574e-02 -1.401265131332754023e-02 -7.496138385630902491e-03 1.260058195195237936e-02 3.378387382589083388e-02 -1.548059443119518923e-02 8.946362119425250309e-03 -1.410711726085311652e-04 -5.372956302202219758e-03 -1.287367404711664901e-02 9.482747562955560344e-03 6.238430455827274901e-04 2.427087092533109641e-02 6.119989859289592764e-03 -4.576637278629972221e-04 -3.236279544437805928e-03 1.008344539301372737e-02 -1.220337337064847545e-02 -1.212927086033652874e-02 -1.209334938055439505e-02 1.767710923070974285e-03 -2.541079946783385540e-03 1.242371446986573983e-03 2.842543788671251029e-03 4.300858927876978662e-03 2.466075468066110388e-02 5.595339095833882018e-03 -3.579120746988067453e-02 -1.994096372581109395e-05 7.565357814825234180e-03 1.820594484663580828e-02 1.573455704716302667e-02 5.798166637940371099e-03 4.195918254947837017e-03 -1.456384139489235070e-02 1.110001348928202347e-02 1.378532162984989241e-03 -2.365432737981848499e-02 1.816123579084382919e-02 -1.049227560323198055e-02 -8.569386490086327440e-03 1.336051051830866414e-02 2.254950877688794396e-03 -1.596878161943579913e-02 -7.793373574940530221e-03 9.156897771778255883e-04 1.858826006337242764e-02
-0.062582