\\Weights for property-selection feature, generated with https://github.com/brmson/Sentence-selection
\\Trained on 1528 questions, 57092 properties
\\Cross-validation MRRs: [0.7235344790927601, 0.6956019409524284, 0.7109235008555166, 0.7571000734599559, 0.6769331730862269]
\\Mean cross-validation MRR 0.712818633489
\\MRR on the whole training set: 0.737920329082
\\Learning constant alpha = 1e-07
\\Regularisation constant l = 0.005
1.022786677587252668e-01 -1.837639680849560697e-02 2.390742979479435620e-02 -3.601655025410374633e-02 -3.743358536583513141e-02 3.268638879114162902e-03 1.155481027977474894e-02 -1.197214830360829665e-02 7.845913802555409822e-02 1.361927796966575129e-02 3.674449086032782752e-02 1.822931220354670825e-02 1.243209998210229213e-02 2.012110352949497000e-02 2.771060943597142973e-02 8.189663734256388133e-03 -5.815370584349868754e-02 -6.171385482520996835e-03 3.311235019627110920e-02 4.812556852829461690e-02 5.788748519078034706e-03 -5.349030848984367460e-03 6.006284352329036708e-02 1.062439831825953696e-02 2.680834468229060033e-02 3.342225020128394147e-02 3.337203974196002038e-02 2.925331940796477292e-02 1.166503829447834706e-01 3.668108509976700932e-02 8.868950945264073016e-02 -3.790332113228755961e-02 2.390015479246920468e-02 1.536768727301729247e-02 -2.619227271206089197e-02 3.511416155583733240e-02 2.663264474090717635e-02 -7.407153086111531622e-03 -3.938775895246280495e-02 5.451938146532490925e-02 -2.978294232444942888e-02 -5.241825708907407039e-02 6.383184867122627948e-02 1.333218044835909541e-02 -4.069087160981530588e-02 1.876006633773630652e-02 -1.362913724115889964e-02 -3.648386043224911141e-02 -7.929205357691792785e-03 -2.660465880822126053e-02
-2.244149981481040942e-03 2.613305560947211392e-02 2.945175706336772975e-02 -6.167501165175625494e-03 -4.100750253965284794e-03 2.456426747411847439e-02 -2.111996498980874513e-03 2.086326723599594979e-02 4.322076771151995428e-02 1.929359001811093918e-02 2.613940181158667247e-02 -6.528833311771655747e-03 5.353349736218238758e-02 -2.011379289422556699e-02 2.848890425746723395e-02 -1.310246894709973277e-02 -3.859763825202485593e-02 2.383886399512760105e-03 2.249609404900393059e-02 -1.629776708258271617e-02 -5.648754968355316347e-02 1.136715819391641812e-02 1.995553585972448252e-03 1.649226946201292482e-02 1.955623964071984480e-02 2.746636158164023761e-02 8.257358905533229362e-03 -6.338552662521480287e-03 2.342451288634675791e-02 -1.108738746423080851e-03 -4.344995280301853363e-02 -9.380045928609323166e-03 7.132437326668731280e-03 6.769978370463574160e-03 1.589780152492414195e-02 2.857665066623973904e-02 4.129846572031688201e-02 2.829972991190380163e-02 2.534501239706922135e-02 -3.538975810632022378e-02 2.387806016277541077e-02 -9.432373138687144207e-03 4.524923476662855854e-02 4.764297084483599953e-02 -4.194615829193810291e-02 -1.539330424277291290e-02 -8.426515106550066386e-03 -6.347134351909260175e-02 3.896710421826324322e-02 -8.269187121813037847e-03
8.147159034764189789e-02 -7.726749173432770346e-02 6.400302242338463954e-02 -9.355548261313392788e-03 -6.895007833456451296e-02 -1.983543168894985262e-02 -2.123450327569035082e-02 1.690472809023791517e-02 5.364610638972065054e-02 -2.767737836668424101e-02 5.644934256362697236e-04 -2.165157204052984077e-02 -2.660564877401379313e-02 -7.775803877642678552e-03 4.705065219808242383e-02 -2.584963094797435371e-02 -6.375695810840936728e-02 4.324205644097764076e-03 1.104634298161151842e-02 3.080440112640007826e-03 9.054883460859623756e-02 -7.170740431497925338e-02 5.021675053849686265e-02 -9.522501347923897214e-03 -2.478007519427848429e-02 3.091986078165661136e-02 6.139141041419335712e-03 -2.290234795563776682e-03 5.622006171791080892e-02 -1.251949445073923320e-02 7.489085103872045179e-02 4.400306390832187109e-02 6.329744911044948678e-03 8.838808467746384068e-02 -2.947353408935164329e-02 1.098573482726558290e-02 6.735143928918342496e-04 1.105692970867154165e-02 4.892225886653270989e-02 4.806989540781440862e-02 -3.321840240943686046e-02 -5.761359093045578111e-02 1.577162979785298388e-02 4.941134386242053769e-03 -1.403226345883484480e-02 -3.759293588952516973e-02 1.234431789090177645e-02 3.369300309566965190e-02 -7.389860738234045774e-03 -1.683753564873468125e-02
1.931447395382764705e-03 -4.521324548966132451e-02 3.476569393529141405e-02 8.325279495599069435e-02 1.482614079829004845e-02 8.068008962252233573e-02 6.039279462965209400e-03 1.883146476877295417e-02 -1.447335913712721744e-02 -3.740576284304990978e-02 -2.276933609790018909e-02 -4.262040597910691370e-02 -4.833450997728414023e-02 9.910636506357903969e-03 4.261544693382862681e-02 -4.463175481982218501e-02 -2.024082808764600741e-02 2.896176434332676380e-02 -6.259719602605793784e-03 -5.919808865734585424e-02 -6.287302354835110074e-02 -8.675040671869532196e-04 1.706199351948749915e-02 5.603897522435342948e-02 -2.451272921489217049e-02 -6.300519353050393692e-03 -3.506989117412526863e-02 1.462730673685655458e-02 4.002243209745481173e-02 -2.486314951691653754e-03 -5.321027390777712668e-02 3.587204345127287947e-02 -3.861404040361788442e-02 3.171590826346933761e-02 4.317459229570660278e-02 3.550128608227852423e-02 -3.132782370348460854e-02 -4.216995603299342893e-02 -6.041458190552662783e-02 -1.334414079115715974e-02 3.368340407867074474e-04 9.626615690546552750e-02 -5.671549883848631818e-02 -6.520383966742308857e-02 4.384748976431619011e-02 -3.201801720221966047e-02 2.820202432573717683e-03 1.638215416438155991e-02 3.250994284523198857e-02 1.651197259297443320e-02
-3.981770092174310299e-02 7.324255915477008438e-02 3.175638045524252495e-02 4.154535245012134365e-02 1.284872053994955410e-01 5.054634409663630312e-02 -2.172936659817345170e-03 7.313872480175677426e-02 -1.491816997389566572e-02 -4.445670703909735538e-02 -3.209662483536008387e-02 1.456300258300354845e-03 2.730267792305728081e-02 -1.970775135492009583e-02 3.324719412783162104e-02 -1.102688416340504365e-02 2.736614907984666681e-03 -4.407225521089476461e-02 -3.720533211323562295e-02 -5.427270105876129576e-03 -8.555507722989852404e-02 9.133047750059830258e-03 -1.284180168616742487e-02 1.449410871417557665e-02 1.601034329376693072e-02 -8.176555342719492303e-02 -5.374521910247277712e-02 -3.238397223828616556e-02 8.258508170089684866e-03 -3.003861349404418190e-03 -1.162021901806291752e-01 4.692979294700897613e-02 -3.791689750217384913e-02 1.936351795188882190e-03 1.986573124258854059e-02 -1.720668327608406920e-02 -1.536695506624091885e-02 1.480304055961880264e-02 -2.974007228675474776e-02 -9.417711997436810367e-02 2.666866357876956917e-02 1.059906744821845354e-01 -5.561392436692381286e-02 6.398944277066134084e-03 -3.768925651885918909e-02 -5.223510574415878016e-02 -3.971258073166152036e-02 -7.895357541775899213e-02 5.525366353066869796e-02 4.351477987266318820e-02
5.012783880891015509e-02 2.969268247730059984e-02 1.724952081285488492e-02 4.037579651398835734e-02 6.695157958336246662e-02 8.918959067398442297e-02 -4.041422913518340101e-04 -1.522731552049403497e-02 8.528924628098750321e-03 6.133739956949851857e-03 -2.249584411335540587e-02 -1.601318737812657119e-03 4.932310203032412577e-02 -1.649308309389337437e-02 3.352482041404426100e-02 1.701484115264087146e-02 -6.507270847248153474e-03 1.156018883662692648e-02 7.610178276938157904e-02 -7.101408210810085386e-02 -5.041194753121677752e-02 2.259909986126278081e-02 -2.305132321821383792e-02 5.425391090533833449e-02 1.798796662130340562e-02 8.467721486929168095e-03 -3.558460134971844213e-02 1.469292061973467844e-02 6.574476879562012044e-02 1.232028343258615918e-02 -2.311353419046638033e-02 2.540450160143716690e-02 -1.313979253173054931e-02 4.838313670732585585e-04 1.598549182671324398e-02 4.622897317726267635e-02 -3.111166652153553661e-02 1.603799425923383218e-02 -1.900132285189887671e-03 6.079259314393224180e-03 5.165375287476235006e-02 8.474919130370302256e-02 -4.752347457043228779e-02 6.131511941999543552e-02 -5.790943177885396302e-03 -5.152407318788342766e-02 -3.181986735221427331e-02 -6.779389032901447787e-02 3.460751084825543916e-02 3.157231357994732396e-02
-8.374732515610090744e-02 7.926417624421662478e-02 -3.094309648803265922e-02 -2.095673827474052453e-02 3.164195333367987584e-02 2.780569414174753270e-02 1.465955292103386653e-01 -9.717305866776350387e-02 -9.594665271749111546e-02 6.261254823554268656e-02 -5.691713791297580566e-02 4.594446108286090458e-02 2.483218778748941258e-02 -1.971904095006355231e-02 -4.832653068618535108e-02 1.137388675349870065e-02 3.554026776815327748e-02 -2.787963879740473425e-02 -1.446975157519266725e-02 2.063985589905557166e-02 7.906818547463915700e-03 -2.800289494849382207e-02 -4.975308534557989354e-03 -6.954855331711037869e-02 2.415843709772979089e-02 -1.330670110788906985e-02 -8.293062060411386313e-03 1.990801040309761460e-02 -4.931707085200116164e-02 3.168597880105681469e-02 9.161858334987738224e-04 -1.240566942091815041e-02 3.584994289085340069e-02 1.021494469396675570e-02 5.847731280742199562e-03 -2.313398293957098784e-02 -3.046043575359244290e-02 -2.943073611764657205e-02 -2.698972605241409251e-02 4.615124228369869852e-02 2.830436418220581840e-02 1.191465959473526764e-01 -4.700699269885194598e-02 -2.168982463013139142e-02 -2.457732525449054725e-02 1.591351103794557201e-02 4.042266320950886616e-02 -2.085370456091958577e-02 -1.340931397858406184e-02 -9.268695532527465239e-03
4.165313719412213483e-02 3.321372730143215806e-03 -4.601334553157609454e-03 5.212793841612968493e-02 3.112513285770504914e-02 -4.463014410007323796e-02 2.553466807875725067e-02 8.562952551692332159e-02 -9.009566596191356802e-03 -8.639329707593285113e-02 1.420784445868316140e-04 -5.075839477176352643e-02 1.236631417825968977e-02 -4.911897388694395211e-02 -3.394262592209629920e-02 3.321213245232288586e-02 -1.777139160569156384e-02 3.178042851612215836e-02 -1.683777156543691048e-02 7.627807742493825094e-02 -4.456216525161244002e-02 2.354393493459549722e-02 -5.512754535043044163e-02 1.405114558362009769e-02 -1.033556340164099030e-01 -8.186338582065286196e-03 6.877977828098298663e-02 -1.469403692268127920e-02 -7.272797132258525254e-02 6.062955857399852239e-02 -1.808110484971479567e-02 3.246287799706864142e-03 2.050966069256942442e-02 -3.503933609329215604e-02 1.016632534781969494e-01 4.031001089142605132e-02 -7.189023855565941992e-03 -3.018249636825449597e-02 2.444383666284661097e-02 -4.948859323567818269e-02 -3.266211430681475320e-02 2.150323687430005098e-02 -2.071513101609244803e-02 -6.388389521771848344e-03 -4.609561905790090369e-02 -3.984697049661244106e-02 6.863923069707151582e-03 1.200824926148984922e-02 1.173540260155224967e-02 2.529652088641896543e-02
1.098426855323393798e-02 5.447223307515848545e-02 2.611671720249390382e-03 7.081933292985817530e-02 -3.517766513856629418e-02 -4.112817555740101022e-02 -2.981230228376303623e-02 -1.211427807111848526e-02 1.751787713809232205e-01 -1.250218827981176492e-02 2.065072129512220828e-02 -2.458927435498141356e-02 6.832941668485507936e-02 4.492610108286616832e-03 1.490268299165996985e-02 -4.012953801877171094e-04 -2.148222211627004788e-02 5.408729399062942728e-02 -9.140307370456176445e-03 -3.776440802857709833e-03 9.014351375664862373e-03 -4.897213011663910376e-02 -2.514816326839859617e-02 -1.420653170980669573e-02 -2.255446258454934724e-02 -5.890241053826059114e-02 -2.676005386349545115e-02 4.661317138164897123e-02 -2.542121102195816704e-02 -4.028919910871357063e-02 5.059240027422315378e-02 -7.006261108118944092e-02 1.095170125212155572e-02 -2.994209710729636709e-02 -4.703493783095358954e-03 -1.236895294108023707e-02 8.256154894710705794e-02 5.346624135254044591e-02 -8.161714844311144038e-03 -1.201619951312079410e-02 -3.566243344443957488e-03 -7.826736795753311271e-03 3.094793436506840939e-02 1.541308387238039292e-02 -8.892866382285596893e-02 3.368269750895674930e-02 -5.380325156545351373e-02 -4.630005377854619353e-02 -3.438479472359329530e-03 1.222130649596106684e-02
-1.425896771395692830e-03 2.215860331181550985e-03 2.843163063358614823e-02 -1.031297449498241037e-01 5.238691579993279279e-03 2.411211029268546871e-02 -1.562725419305463839e-02 -6.049032046614020997e-02 -5.439887111443057754e-02 1.174703087286213948e-01 -5.595465427685646087e-02 7.485932150804895310e-03 -4.123448685410603318e-03 5.570575997016453257e-02 4.734064084803684541e-03 -1.700817941719873216e-02 8.666083058504975289e-02 -1.052892368860949661e-02 1.095024965611612194e-02 -4.059060918173641036e-02 6.521253073575797310e-02 4.125826609280978940e-02 2.096295974161649714e-02 -3.479969755505216839e-02 2.738145570001600942e-02 -1.788338902402198316e-03 5.276023746738444211e-04 -1.925556230554878109e-02 -2.583532518296947564e-02 -1.887262298017651908e-04 2.842308190621967157e-02 -2.879689897839739568e-02 -7.544256021021573423e-03 -3.836005756088259333e-02 1.637072087763254136e-02 -3.711662545206892427e-02 -2.544925967505289825e-03 7.641256171124068131e-02 4.998649041719558338e-03 -2.113293680496309071e-02 1.086678856154022627e-02 5.937871856885946695e-03 2.596573662431349641e-02 7.835146390099960445e-03 3.969558225328188167e-03 -2.743611414242070820e-02 -5.672990452410601970e-04 2.415650418039535369e-02 -3.142400861206599838e-02 4.805413395017569395e-02
-8.414646730019315415e-03 6.569293362948269710e-02 3.183005548848819033e-02 8.908404987947898812e-02 5.051209675347608646e-02 -2.166915954499814764e-02 -4.623372248702128234e-02 4.298728567311495968e-02 5.177334303592399933e-02 -5.279747403342127665e-02 2.603912652594430124e-02 -2.743982241756023899e-03 4.270933836884478058e-02 1.745421326510796303e-02 -5.892625845594267470e-02 7.145404801861537925e-02 -1.456444381516713068e-03 -2.699729685198208606e-02 -2.576361757102571190e-02 9.736682003130051749e-03 -4.865725503439803645e-02 6.376140045538328076e-03 -7.896599752425195740e-02 1.676589015273653727e-02 -2.287514506822075841e-02 -4.902470702195357161e-02 2.906283778656327740e-02 2.253493110232800134e-02 -3.571123465866073154e-02 9.964661493220649743e-03 -1.376239558467024227e-01 -4.182676186783110261e-02 -1.632764413378388207e-02 1.265005627387921078e-02 6.293507122968175493e-02 -8.176598393173191426e-02 2.226304140414777158e-02 -4.560085215559852440e-02 -5.666763827061404440e-02 -2.612349649229170345e-02 2.446298327371735845e-02 7.768826365354392083e-02 -1.526755385619202668e-02 -5.357880130468707647e-02 1.773041829755402088e-02 -5.599829777170527330e-03 -4.788163684076939680e-02 -3.968655089986694584e-02 3.408069386846163118e-02 2.121679255276350679e-02
-5.520483323361093791e-02 -1.309353575647856371e-02 3.167160430828219742e-02 -6.146173165464558635e-02 1.023766583936144003e-01 7.857951534241021385e-02 2.738378363857112141e-02 6.981105438043802222e-03 -7.425875556087001284e-02 3.137646280019698586e-02 -2.977135124941538910e-02 1.011580730639807801e-01 -5.361556415086509569e-02 8.763831905284028001e-02 -1.302257105521512776e-03 -4.375762111864318904e-02 9.791515096107536453e-02 -2.062989760862780561e-02 5.749333489810120115e-03 -5.382302031719878727e-02 -4.184864075533074185e-02 3.619403389587463882e-02 -1.463966530168957746e-02 -3.641785921562142037e-02 5.451534900645879124e-03 -6.100721547789840493e-02 1.794595564679684480e-02 -2.052648030579367830e-02 -4.880149005417095537e-02 2.867714599187084351e-02 -1.013142563410258101e-01 2.360239377596023286e-02 -7.545279402942922306e-03 2.496485611269139496e-02 -1.793989144401438030e-02 -3.437474336433479077e-02 -2.965746422751175740e-02 1.244866214590195121e-02 -9.037304093437560984e-03 -1.348580602355239078e-01 4.156866059887644876e-02 5.316441437779892421e-02 2.243340213624984373e-03 -2.427212093027291372e-03 1.140960679856109494e-02 -5.906565526827362717e-02 -4.391973688326541309e-02 3.528879440782178509e-03 2.377521857223227966e-02 6.557120041619216022e-02
-3.222177782002695612e-02 1.060174755073520769e-01 1.356684868926586601e-02 1.477362085667126117e-02 -1.916234499745267730e-02 -3.516564583768728991e-02 2.373290568945588680e-02 1.725524622223864254e-02 7.237798927178576425e-02 -1.047399048038537804e-02 2.385930679254837442e-02 -1.104117740430540957e-02 9.124748609102131813e-02 -1.705870222887682572e-02 -3.021932394465262281e-02 6.314074194286872777e-02 -4.901100932651281800e-02 -5.221632743458144016e-02 1.620375713290373235e-02 9.810250908248781265e-03 5.506694897893477797e-02 -8.621798185648728297e-02 -4.427761050505102380e-02 3.641967805620294294e-03 1.457827200390588752e-02 -1.830453784468985762e-03 -5.121693470385389746e-02 1.855145049646859945e-02 6.757015842264336991e-02 1.593849337097638695e-03 -4.533472320469848771e-02 -3.398775388572854161e-02 8.882046789422112787e-02 -9.811206113524131769e-04 -5.987020922789035304e-03 -2.731511407264074209e-02 1.312554418326040452e-02 9.882543905336684670e-03 -8.758174979819989547e-03 1.155093764788458488e-01 -1.588715493266799547e-02 7.014884084116268514e-02 2.904357537752924948e-02 3.296623828998787586e-02 -1.693700642812179594e-02 -1.107486747153517415e-02 -1.217566595502419559e-02 -8.112645383451122516e-02 -3.223154701266541140e-03 -1.953194182209622154e-02
-4.498715268417317198e-02 1.323775407867125616e-02 4.708999044612918738e-02 -3.465115245548557737e-02 7.201911420874857611e-03 6.267501209185874500e-02 -1.585725249303082673e-02 -3.492272707875220678e-02 -3.846822384021507391e-02 4.562197081376345720e-02 -4.872580815067022869e-02 1.183890928874645199e-02 -2.059078986321635427e-02 8.203903788603199299e-02 -7.931781008587103846e-03 -5.739870510712299229e-02 1.123411618012577218e-01 -1.376529935718233920e-02 -2.586141511016013320e-02 -4.814624686681591437e-02 -3.769647815715837513e-02 1.071289966902931254e-02 2.234610377148246729e-02 -2.911723736589889866e-02 5.141226795708674080e-02 -2.120588877775492209e-02 2.946799144559184361e-02 -4.451850493475325958e-03 -1.214539423460271605e-01 4.688383795134635178e-03 -2.205154627706022372e-02 -5.805802556109972840e-03 -5.892737460783536996e-02 3.073159560749927008e-02 5.925134383395640192e-03 -3.574305635017458599e-02 4.217838515813508021e-02 6.043817853393234490e-02 -3.175550781885657509e-02 -7.947680006923647789e-02 3.580014909436596282e-02 6.331150551974409901e-02 -4.279837335428427619e-02 -6.315141271648798404e-02 -3.663448491249602507e-02 1.072464992745102673e-03 -3.725149178968866631e-02 -3.369394123549507292e-02 1.746781031491278710e-02 4.038819199262543881e-03
8.231978559477168278e-02 -2.555961432022897661e-02 4.619282943615730941e-02 -4.342167341700212124e-02 -1.155981293849998523e-02 2.774225685241722694e-02 -5.726992088113181528e-02 1.957702157461462325e-02 8.621281543726721803e-04 1.425220612392433250e-02 -8.566741808290838367e-02 -6.489876625055740478e-02 1.849125512250453934e-02 -1.497268738760296897e-02 1.887150209060124706e-01 -7.905221947092762325e-03 -1.054139601333636302e-02 -3.416607935274749985e-02 1.739329490496741362e-02 -6.719854631744562323e-02 1.081832858352288484e-02 2.020442471651399258e-02 6.869571957669415307e-02 1.310237299064449107e-02 6.417075838377872543e-02 5.322151990788308307e-02 -1.264224944218948245e-02 1.244750573408055436e-02 1.051003402606167508e-01 3.168482918854902131e-02 -1.864454860766193503e-02 1.197852335242134171e-02 -8.234351043717194618e-02 1.010149446630120677e-02 9.917091145651859771e-03 3.640052120168300182e-02 1.787502385547460118e-02 5.435099124848614960e-02 -2.722630626044108756e-02 -7.087095054184715248e-02 -1.892754290834050210e-02 -3.288250448951881427e-02 1.550546782920659422e-02 4.233942205962874794e-02 -9.456727775069772093e-03 -5.561877510215840897e-02 4.990939897512466222e-02 8.042745708618185413e-03 -1.218483220244623126e-02 1.432913226000047738e-02
4.100833325398364065e-02 -2.350782591672884864e-02 -2.840828343594421421e-02 4.650697258738212790e-03 -2.191377083658880426e-02 -3.442368279761352790e-02 1.515860795718077317e-02 7.378017380629590082e-03 1.191284255394380737e-02 2.905255060640496889e-04 3.337231711503939324e-02 4.002581967836221083e-02 -1.693464715778055657e-02 -1.741142766311963531e-03 4.902644659101251280e-03 7.119541226072084728e-02 -1.870322912063979506e-02 -6.602957092653876335e-03 8.161344172342635886e-03 5.849502108167085879e-02 4.030754724115379745e-02 1.289848413234108079e-02 -3.062270554133511222e-02 3.401527489772297047e-02 1.309190358371270513e-02 1.932884600123021754e-02 1.999239851045815988e-02 3.121980074744963238e-02 7.385642253820311198e-02 1.277617730082971151e-02 -1.526163956768372687e-02 -2.331038072149538981e-02 8.150353940909037254e-02 1.472583211868159353e-02 -4.509104584382932560e-03 1.295474562961746422e-02 -7.182971292522301321e-03 -4.697862479323289264e-02 -1.674966599753890256e-02 3.337241890587230864e-02 -3.144109240151127249e-02 1.173475004201861814e-02 5.217266017982331167e-02 -3.050599858801029268e-02 2.034751417369104476e-02 1.407050466066632650e-02 1.458747566541776335e-02 -1.975178272627067105e-02 1.331416280853382067e-02 1.264228006399771564e-02
-1.811920922698494543e-02 -2.253740220252329479e-02 -1.915011649476617769e-02 2.145329566470725521e-02 -1.407462880487017447e-03 2.293522644002581740e-02 1.230972436452711614e-02 -1.019600734696156710e-02 -4.042587585043178056e-02 -7.928187072231999630e-03 -1.628910783879478075e-02 -1.392938235335031139e-02 -3.385750151019910337e-02 -3.070473654357639900e-02 -2.986403506736638735e-02 9.781179125978967798e-03 1.413000967296445531e-01 -1.949084195653146044e-03 -3.495204247477602666e-02 -9.752761624838310328e-02 -2.461186326352915454e-02 -3.656179191289030822e-02 2.337191812797880311e-02 -2.805726402545689890e-02 -4.199375229145891480e-02 1.318317981396840630e-02 -3.012650444380485931e-02 6.282812878669585821e-02 -1.740901537943247840e-02 -4.400177846241985075e-02 -2.306961282435055632e-02 -3.253548770753328379e-02 3.820669421634283539e-03 -4.051968887088251009e-02 1.315809342008308035e-02 1.088627513818424611e-02 -2.140741794104608631e-02 3.144752178090966244e-02 -4.796023082168023727e-02 -9.794948026569603658e-03 2.797875601303785251e-02 5.596174907672180759e-02 -2.769703608208943374e-03 -7.243454285582812124e-02 2.087553007261492774e-02 -7.644829436075529540e-03 -2.128462746977109396e-02 3.367091760431929065e-02 -1.409921757402938375e-02 -2.423302673604178434e-02
3.137199407975812225e-03 6.249918049305755452e-02 7.803567827392479152e-03 -8.987015187259672286e-03 -3.327760238739637527e-02 1.469240000348499137e-02 1.322638565407288462e-02 -5.912168726367854219e-05 8.985384241365449234e-03 3.063252354014759163e-02 -8.466803090107308943e-03 -1.898712996147217807e-02 5.720408048766649966e-04 1.693432983324476629e-02 -4.650111323742069785e-02 -3.222287060027697464e-02 1.907391322436914963e-02 3.258480553879523206e-02 -5.102983587717787456e-02 -7.727702328832172785e-02 6.300184439127158587e-03 2.266375697566381728e-02 -2.927471653564019463e-02 -3.003031641753331656e-03 4.338500324233554584e-02 -4.747921225558640775e-03 -4.841964130627234714e-02 2.217486001640264076e-02 8.432849738902948450e-03 1.231944554578117811e-03 -5.303423877033092149e-02 8.468924367987037613e-03 1.483445997912942287e-03 6.431067286758775960e-03 -1.122838963930695468e-02 -5.307039161126510945e-02 1.225136995915943397e-02 2.046229673644116287e-02 1.335774781529903803e-03 5.285351770935033805e-02 4.417571829619460627e-02 3.922030028694342002e-02 2.635922103405941019e-02 -8.246199636624087712e-03 2.533509817468379208e-02 2.897699047787731671e-04 -9.634286975410126519e-03 -3.327130274336472134e-03 1.503348936899656131e-02 3.921144140082024471e-02
-3.001060120510089246e-02 -3.855631818837435779e-03 1.400807309360147142e-02 2.206373406129336773e-02 9.948760676138054815e-02 2.550202053095423568e-02 7.353227956694384504e-02 -5.850364996197564152e-04 3.961365558050679303e-02 -3.148657186816677944e-02 1.187340957661355521e-02 7.571213337899639073e-03 6.999882353403180657e-02 -4.319773810614319781e-02 1.255736363462007588e-03 5.756009677873308999e-02 -4.165825906750467156e-02 -3.495391986010989299e-02 8.070124833993709557e-02 1.918208682351911151e-02 4.779654958101258420e-03 -5.872475303695016968e-02 3.080314519619443622e-02 5.046563246789038427e-03 -2.444156244670455530e-02 -5.495673692504655927e-02 -4.485160423425643694e-02 -8.903468930113572419e-03 3.378338570061115154e-02 -5.752080591965029639e-03 2.187332766441315093e-02 6.728214066340248121e-03 3.285984041100507846e-02 9.622916699321623635e-02 -4.492956640222423026e-02 -2.861239076487906430e-02 -3.000711576053268978e-02 -1.704273452846832154e-02 1.578034134470827909e-02 3.836791581209648277e-02 2.835888788480226200e-02 9.443020019489333644e-03 3.142182030015163406e-03 8.464571297258507987e-02 5.147903890281597949e-02 -3.688807692607735597e-03 -8.554100081873691752e-02 -5.740515260461032110e-02 7.793670691486590148e-04 -5.249284484536213130e-02
8.345544168463228663e-02 -2.137320750895239582e-02 3.377381164136840450e-03 2.679121859023945312e-02 -3.717631033111572832e-03 -6.019527687614194267e-02 -1.176643082820997242e-02 4.788834790095744531e-02 5.240577892283005898e-03 -4.029240886220767509e-02 -8.803403517216597252e-03 -3.572488099563059238e-02 -6.007443593403460382e-03 -1.809389614405759739e-02 2.861235531315149336e-02 3.942382253391107233e-02 -2.751486286032792453e-02 -1.860403868087400631e-02 -1.362350889890995113e-02 7.097658208858874385e-02 2.486694461306516654e-02 4.342367839568392340e-02 1.282888122539811715e-02 7.346958565541195085e-02 3.032941805611630987e-02 1.535015510929392708e-02 -2.877030328113836313e-02 -1.284674255783099447e-02 5.056979189785758277e-02 -1.219262361031329435e-02 8.256110534099397186e-03 -4.681841566997178156e-02 1.459806287528070921e-02 -5.076693747074200597e-02 2.346600559454700349e-02 3.949621699844178130e-02 -5.586596671230594641e-03 -1.041129668898759138e-02 -1.299334129736976103e-02 2.757480859394300168e-02 -1.698530536645133024e-02 1.152460225410590830e-02 2.584326970035765239e-02 -2.390673765572892337e-02 -2.054651670384274528e-02 2.749779967547614015e-02 3.580125351941101236e-02 -6.117027143638621017e-02 -9.477549803677918095e-04 -6.371226813237469352e-03
-3.087939908438933762e-02 -2.075702271979245131e-02 -1.341165024317564521e-02 -1.035070674976624333e-01 -1.190331947420610603e-01 -4.912225259236550207e-02 -1.447734967586186694e-02 -2.326152214929884388e-02 6.342956112351350040e-02 4.391921591823419457e-02 -4.223408044503991488e-02 -5.300928227404305346e-03 -5.924851525911144570e-03 2.652695116324200325e-02 6.125473825460565902e-02 -4.346445497701609956e-02 -1.716509809164480302e-02 -2.523636088333339016e-03 7.001639315979425737e-02 3.058784274454410396e-02 1.445996974659891354e-01 4.882904279093324139e-05 4.316268609006877061e-02 -3.917415919536351709e-02 1.331323561403520601e-02 -1.425836523476830750e-02 -1.502402991749364307e-02 -4.769720687017844907e-02 1.597531062265789004e-02 2.111596985385127967e-02 6.669747559147971849e-02 4.501680442282945255e-02 -2.241951940846826849e-02 6.080188750567051825e-02 -1.270362405703423514e-01 -3.332783499739514627e-02 -1.410990842090703232e-02 3.351207385046374443e-02 2.903135213196880726e-02 3.174303489462745789e-03 -7.516643697976423122e-02 -1.002581180963078994e-01 8.748658919260339506e-02 4.418506454250221635e-04 3.540448401950471030e-02 3.868251825689820317e-02 -4.409125395816893001e-02 2.429882176489244969e-02 -4.328856496546908128e-02 -9.290694731166091597e-03
2.805820337539352560e-02 7.287072075706531663e-03 -7.754439728376531955e-03 -8.481697336817868582e-02 -7.790325511853915226e-04 1.519133943149407300e-02 -1.400386881583716263e-02 -1.561060320446016475e-02 -1.632599916080514080e-02 1.915811015980761539e-03 -2.809162420680058961e-02 5.976177320679625050e-04 8.058950075102128130e-03 2.341526372386347477e-02 -3.267963737557559589e-02 -1.125331314625968408e-02 3.596460359073330032e-02 3.944167388301950128e-02 3.158607044812517667e-02 4.357776926756782437e-02 -3.968016611425509606e-03 1.323986381051964478e-01 -5.031742119618111062e-03 5.106644598457795586e-02 5.691089243571015310e-02 1.484857656616388232e-03 3.864649573009421718e-02 -4.700349911505242312e-02 -5.884957453450291587e-02 -4.555972656862718011e-03 -4.163195798466497871e-02 -6.570268230258248000e-04 -4.975175615226969800e-02 -1.635389996969546095e-02 2.497514806967323850e-02 1.194920192731812637e-02 1.787195146300593271e-02 3.496162977130762989e-02 2.129476107411341218e-02 2.657444350137806461e-03 1.957120006938220524e-02 -1.204870323682300653e-02 4.563762898853630789e-02 5.727846332895596918e-04 -1.194078766960722168e-02 1.142385383312344467e-02 -1.029318934712702104e-02 -5.524891072411671628e-02 1.080526048162507372e-02 3.364700930957369163e-02
-3.960648224024596389e-03 -9.361186157796689417e-03 1.885280896933092670e-02 5.344787719864106841e-04 -1.838919625934679579e-03 2.152554441983944508e-02 -4.172886061004291852e-02 -2.167816136046124900e-02 -2.578873209038838946e-02 1.916018323067191290e-02 -3.896636380796647536e-02 -5.336163002274084410e-02 -3.405462229157506931e-02 -3.822411405157078411e-03 8.031196239046443919e-02 -1.149055186188227551e-02 1.792657393535464216e-02 -7.560466711226067338e-02 -4.099620543655729810e-02 -1.666723765393131676e-02 -9.091371277430338252e-03 -8.331045445710085623e-03 7.450609254867947284e-02 -2.897251577877949305e-02 4.710626571212259139e-02 5.191258077528231041e-02 -1.599181390667080149e-02 -6.384271733896340357e-04 -1.567586195528420517e-02 -4.752861118364234971e-02 4.430922113914644717e-02 -1.752312507546444076e-02 -6.610686908107936410e-02 -3.579882738459287152e-03 5.575205893646052735e-03 1.438547108875359512e-02 5.750156584999678577e-02 4.071249646420333629e-02 6.376128795762494098e-03 -1.091273430482992898e-02 -5.376218101758709414e-03 -1.611716473818054080e-02 -6.738798911165498617e-02 -2.538794178168734400e-02 -6.221488432784386298e-03 1.707286339553784962e-02 6.714597398716472265e-02 -1.543833362683837487e-02 -3.676700888580271276e-02 -3.809847484577744831e-02
4.839436963568750742e-03 2.394729543429184246e-02 -2.701223128900367629e-02 -1.474846757343674028e-02 -1.959249489515638154e-02 3.722542924595131919e-02 -5.048311508860060803e-02 -8.116900635150530938e-03 -6.663597856269732472e-03 -1.609070686139505921e-02 -6.533934615687179114e-03 -3.553682147531820462e-02 -3.900671658865179081e-02 -1.330028328261193341e-02 -1.719373986446082539e-02 3.262449651606662282e-02 6.856321633413038630e-02 -1.565397963770902637e-02 -4.795439809327539313e-03 -2.752631227425837365e-02 -6.484677606491372204e-03 6.342569585840453217e-02 -1.097902020590371501e-02 5.487046447164119906e-02 6.467601535497516027e-03 5.659175601704974704e-03 -2.738295818715181379e-02 6.132838348456523883e-03 -1.952578127258031843e-02 -2.826558548626863926e-02 -1.426411717919823414e-02 -4.884158749884949524e-02 -9.957409837968674016e-03 -4.177733290590411423e-03 7.569224805645788194e-03 -2.635855591736576894e-02 2.624340948460173253e-02 2.694462733588068315e-02 -4.751892174884833620e-02 6.541153617294440462e-03 2.904325066630403240e-02 1.204962312622252915e-03 3.243330366267672960e-02 -4.220686685363750357e-02 4.712080246430742914e-02 2.352501939463525274e-02 -5.160082318114000977e-02 -6.969330644861120028e-02 -1.439825910111153240e-02 -2.167017951896588190e-02
-9.009281526837839907e-03 4.009469772828717221e-02 -2.256440913395381734e-02 -3.104247142646306135e-02 -1.634700821891340097e-02 1.602278761345978311e-02 -3.626468657898299086e-02 8.384195900233135101e-03 -4.388782868670088044e-03 -1.282776864207207587e-02 -4.381385810432677358e-02 1.652129192526928005e-03 -7.340726757809223901e-03 1.023366582321299893e-02 -2.395491350361626803e-02 -9.884709498652246434e-03 4.532148141424598847e-02 -2.135104280849932368e-02 1.904241538758684113e-02 4.040672999525057700e-03 -3.140924701744002290e-02 3.387197662285653527e-02 -4.041383972455270951e-02 -5.556898700545132540e-03 4.657796863228589462e-02 2.350853916642485844e-02 4.940844075650368573e-03 -1.252436234004067166e-02 -2.319821908886554249e-02 2.532473024190836502e-02 -8.153110268019331253e-02 -3.203828829083994745e-02 4.896413448062133036e-03 -4.821401346414413286e-02 -1.645534288555925123e-04 9.266315906161620361e-03 1.588325709609814118e-02 6.298024949375648218e-02 7.185291074587569528e-03 -7.037084181451744996e-03 -1.535574024096906815e-03 -1.860921705225106366e-03 -1.213300474021223804e-02 2.999554245552593992e-02 -1.645972973719240368e-02 -7.135656463262784023e-04 -6.694787540676499019e-03 -2.521647681592117246e-02 1.839009172381769405e-03 3.672591874086698210e-02
-6.872456051251982570e-03 6.479370152308076836e-02 2.108712755913541570e-02 3.764459280913397959e-02 -2.455780343099318776e-03 6.764933127527856215e-03 1.173602508142886774e-02 -9.874030645376891471e-03 3.566750823171885298e-02 -1.893838160313816854e-02 7.379882429328430381e-03 -4.705128413650405683e-02 1.564110853397641596e-02 -7.046619010367749687e-03 3.204512393780243468e-02 4.346869847134798848e-02 -5.032017722092194112e-02 -3.008848265300409497e-02 -3.001652800019353334e-02 -2.246786440721668110e-02 1.146248515872776022e-03 -3.048822616084118781e-02 5.028447849322880553e-02 -5.758224423026619097e-03 1.915951048102667448e-02 4.893755990138280720e-02 -1.636461035487600524e-02 2.804953976106014379e-02 5.183603173909793853e-03 -4.271482840429410149e-02 1.023401701099951600e-01 1.576900377433848588e-02 -1.449967055975506444e-02 4.398662922893564059e-02 6.201759105355070939e-02 -1.528807223309961404e-02 9.310446491002809244e-02 -5.314600973072482887e-02 -1.633520313460832402e-02 7.624778513992470919e-02 1.856036500091961042e-02 -6.883257989656513254e-02 -6.861326921859189909e-02 2.198305960960417541e-02 6.902534359267840924e-02 2.945118348463364802e-02 8.240421765178858327e-02 5.585792420517153578e-02 -7.136611141959764426e-02 -3.558170472718608091e-02
-1.698540100378140641e-02 -7.519106141769681291e-03 1.297363272050560366e-02 6.074528008674820456e-02 4.235524023087821471e-02 -1.569776571523981423e-02 3.402271712707849449e-03 2.094772838320190997e-02 -1.141832681331422794e-02 -5.813370513061028033e-02 3.457286256158143001e-02 7.880413782852133120e-02 2.065852791949248507e-02 7.105468211270275780e-03 -3.060745171208758414e-02 9.436276503017489159e-03 -2.325109393508064878e-02 5.476653799647937526e-02 -2.562366014646364279e-02 5.718794625090894285e-02 -4.164981307594439741e-02 1.054879575052042329e-02 -3.560649148025079452e-02 6.259324427337062402e-02 -1.830792797588025669e-02 -4.661600075566319813e-03 1.192538429869608868e-01 -4.358739785081155310e-02 -5.927752704585314419e-02 -1.135236618496960649e-02 -7.944247097641689292e-02 4.343075178421968580e-02 3.088095940830268976e-02 -2.184867385505197268e-02 9.422699963201602857e-02 2.749834885722112626e-02 8.529166034371931868e-03 -3.304228019261389038e-02 1.995905356036571307e-02 -4.150383846685725547e-02 2.817379487244459253e-03 3.258934964582180238e-02 -2.333392243563870913e-02 2.252899209521819560e-02 -2.730036060334263895e-02 -2.686376558226838754e-02 2.629534060869824497e-02 -1.192728802529973396e-02 8.413468843891533377e-02 7.257698986643378036e-02
-8.875409189616432701e-03 1.585340386830701165e-02 2.198993194433342124e-02 1.384214914476736280e-02 -4.141576269798836335e-02 2.434578583400587130e-03 2.333053875594713264e-02 3.576970372434861659e-03 1.804455028498893818e-02 4.861128035263261038e-02 2.951640781791442514e-02 2.378781069396114847e-02 3.944611743656616966e-03 1.076389605037498393e-02 1.161210151285062622e-02 -2.951559732674309891e-02 5.818179056216025470e-03 1.207045199778565558e-02 -4.346062945837300684e-02 -5.830928142197005365e-02 -1.578012358203469134e-02 -2.315169045471203099e-02 7.096870665503926187e-03 -5.871711135113706626e-02 5.077531494923959166e-02 3.936322941009307713e-02 2.862923728996476236e-02 6.044668092991645897e-02 2.385919060751884660e-02 -1.986184291615391770e-02 1.030401000587269529e-02 -3.483600099256616706e-03 2.273852805817461881e-02 1.243494981993648225e-02 8.838120634000056972e-03 1.663165850614401961e-02 7.200253016929876460e-02 6.781773309257834240e-03 1.436359540181124383e-02 2.146298762985573982e-02 1.792430524711062165e-02 1.342059502471444621e-02 4.665079674002235027e-03 -2.848818702431965902e-02 -3.270652152504224114e-02 2.463183280638013128e-03 3.225259918863263020e-02 2.806667213603076735e-02 1.998605499107676542e-02 -1.147186104999750990e-03
1.117460308005273906e-01 2.638885853848355403e-02 -4.125712839254978836e-02 2.142580858921001169e-02 2.309817485880616156e-03 -2.667267720095398142e-02 2.300196265252437214e-02 3.466165671097957285e-02 3.152543897573844428e-02 8.476763359694142533e-03 1.489666664103016236e-02 9.482587354281743486e-03 1.830387323934642985e-02 -2.531954457689183924e-02 1.362059849832355542e-02 7.839396964381496746e-02 8.879113900808636994e-03 4.410920745382657104e-02 1.137890134129911773e-02 -2.937203012802618550e-03 1.550977556762717612e-02 8.263416277941905419e-02 -7.700263708092439097e-02 3.816047301914027995e-02 1.495645838528196492e-02 -5.460260075747334386e-03 4.929201411313158254e-02 5.762399337808855188e-02 1.116485768828623659e-01 3.751684701782215248e-02 4.718737134917563164e-02 -5.278257821640130673e-03 7.536050108988091856e-02 -2.698489685139033450e-02 4.136695714043201605e-02 4.230788907225625090e-02 -1.148765600401240213e-02 -3.707196415722875671e-02 -4.947601124942907491e-02 2.236178491857004902e-02 1.768429843194335065e-03 4.504183278832953746e-02 7.484285500379316003e-02 4.330288333824301381e-03 1.155636017523023300e-02 -3.790669463698866787e-02 6.308625123800387473e-03 -1.685304517501163071e-02 -1.905817621319579394e-02 4.364915509470888855e-02
1.690579961595795391e-02 4.761194108036134048e-02 7.737051185144726284e-02 5.451348084074771755e-02 -9.230642571839579869e-03 -3.902707001052441865e-02 -1.996742490960721692e-02 -1.271713426184054203e-02 7.342974216112109487e-02 -2.662881317121950850e-02 -3.695551646414570873e-02 -3.615883546694607237e-02 1.030041042455265426e-01 -2.147615554441507923e-02 1.466898298654595312e-02 2.724229852773379229e-02 -6.312239521001351827e-02 -3.396133220921349755e-02 1.351854596249722415e-02 7.455633562545144200e-02 -7.491005638146282578e-03 -9.336279540668089572e-02 8.073883950069233803e-03 -8.711168570878335959e-03 4.245771229225267507e-02 1.527091941647842725e-02 2.125318929613817173e-02 2.509667171489891012e-03 6.977619731521102382e-03 3.172576023831120279e-02 -6.437612405726581000e-02 -3.272566371470884278e-02 -1.959498589025871623e-02 1.313015196641557740e-02 -2.018022199907948660e-03 -2.080496756049997689e-02 3.069277202578793180e-03 6.327998736176904636e-03 2.322443317723612601e-03 1.735816066329384788e-02 -9.733437917514254842e-03 1.165885782524007756e-02 -6.148139617590003131e-02 5.543612985089801937e-02 -7.005268715596740803e-02 -1.093713068189123899e-03 2.077574711963339760e-02 -6.737135958509543436e-03 3.938464797769465620e-02 -2.086920793889671805e-02
4.560633245046281231e-02 -8.033780679362463595e-02 -8.090041148911829294e-02 1.713404023862259706e-02 3.928035340538188654e-03 -5.916244421174835649e-02 -1.139251688304738219e-01 7.465039359415112652e-02 6.716980372559863688e-02 4.648531289980047110e-02 2.602411472407288248e-02 -4.463968193493436654e-02 4.295045531038567399e-02 -9.754291690036381857e-02 -2.743939054409547454e-02 3.419667055480565820e-02 1.311410294235531848e-01 -3.882099422582364207e-02 1.984300650509669695e-02 1.913982651450191891e-02 -6.833946791731754233e-02 4.266023671112907645e-02 -5.219714114777682795e-02 -1.628514723012431178e-02 -8.628424352526224694e-02 -1.556980194030574242e-02 8.200357472915667523e-02 1.798284630589956287e-02 4.659004983480646844e-02 -1.862326786579810226e-02 -6.920513082275434047e-02 -1.826265839025531523e-01 1.666777613605328542e-02 -1.469746367146899380e-01 -1.617763053889068395e-02 1.936332456772589181e-02 5.771878484756232802e-03 1.021900055189255974e-01 -2.893573520040801372e-02 -1.243403295003344122e-01 -5.825190798418650173e-02 1.179618057836004374e-02 1.455309425680531565e-01 -3.331859675413776506e-02 -8.323784299291567268e-02 1.825403086354389359e-02 -1.743440084393781675e-01 -1.220762532980768783e-01 3.899971926838827901e-02 -1.136287742635114055e-02
2.834389548430894801e-02 -3.880600912983361763e-03 -2.319264891241835241e-02 -8.743367526863718431e-02 3.591823696697296706e-03 9.002643532261815629e-03 1.930936159409372618e-02 -6.853959277552988671e-02 -2.683712625160679377e-02 1.404279172429412359e-02 -1.911541787365717698e-02 2.650674203505729021e-02 3.458647576736554458e-02 -2.567953831029706757e-02 -6.108418685320168851e-02 1.226007305200104563e-02 6.871163464826630929e-02 1.074411879485377558e-01 -2.195515848046018098e-02 1.580302820376086083e-03 1.468350293436558422e-02 5.094109655414971738e-02 -3.892402830459831212e-03 1.369809474962642958e-02 -3.158050873940857622e-02 2.667488068834791837e-02 6.056526335017805435e-02 1.051317752579799224e-02 -2.318151673358783207e-02 -1.579130030431112608e-02 -2.901360800454269237e-02 2.903515619497964995e-02 5.170856827992922206e-03 -3.448166356660403373e-03 2.911941129200904671e-02 2.420180220035244439e-03 -9.675857910627321326e-03 -2.288129341006253994e-02 2.045357565962814539e-02 7.848233188145960215e-03 2.053667413885668092e-02 -4.486723859544224091e-02 4.611719769956862391e-02 3.311793758387811260e-02 1.294432343210067358e-02 -1.758977316244634409e-02 -1.225450286645869691e-02 7.175911018121663987e-03 -1.398642000448642800e-02 3.475868020490818777e-02
3.099120401399685712e-02 8.682779638080593415e-03 -2.223774637033331530e-02 2.823452455401315869e-02 -5.828797883459232304e-02 -1.679928745571312651e-02 1.275931305139832612e-02 2.547871191442935279e-02 3.646363585677083602e-02 2.127113626256355028e-02 -1.423076914421576508e-02 -1.770957213696920315e-02 -1.412176705468421757e-02 -1.514537039709557865e-02 -6.264842347187834538e-03 1.027566855154436222e-02 6.463077433910761893e-02 1.437496863147540681e-02 -4.174662953319824114e-03 -5.178788321637320391e-02 1.959920586715981419e-02 1.369581622984726577e-02 3.483752514152187738e-04 -1.038388143539810925e-02 -4.797629490587601228e-03 3.117067764685285333e-02 3.302087026946002712e-03 3.783920435643911562e-02 6.990130107565006162e-03 -4.691515156631171496e-02 8.783003612637405380e-03 -8.424777410838133959e-03 1.995569454167604034e-02 -4.944929698713893679e-02 3.132177666383401810e-02 2.348879316354474459e-02 2.136860063734783918e-02 5.729902990711446126e-02 9.674373923245908544e-03 1.487103402697778284e-02 -4.728222919204550065e-04 3.144485384446118852e-03 3.747307366262964123e-02 -1.294741441057699512e-02 -1.907486724889221122e-02 2.038234213790640278e-02 2.523376878806472823e-02 2.496100926507594658e-02 -2.874091389459269147e-02 1.729540700719035470e-02
2.947275476116035728e-02 -1.848986019415007828e-02 5.712020185920516080e-02 8.273826964795715291e-03 1.071632183226180375e-02 3.673441113694220217e-02 -1.268880039745279471e-02 -3.772349781350363418e-02 2.751773916525563843e-02 5.492966478360102045e-02 -1.238307429107867938e-02 4.255244038529412687e-02 4.849105901868120544e-02 3.276070111931275036e-02 9.799016671329860428e-02 -3.110879942800728881e-02 -5.931904447582941192e-02 1.508351259731285920e-02 3.219599437638197281e-02 -5.391173862922353510e-02 4.900568348132570973e-02 -9.209461189108557322e-03 4.677794160508760846e-02 -3.843860808217821473e-02 4.818529081853857240e-03 1.634835920561385908e-02 3.961407419707586169e-02 -2.847470857171410623e-03 1.145009132333081950e-02 2.427888026930220822e-02 6.857146927457630214e-02 3.975846157107265633e-02 -1.405087612709405957e-02 9.498181931983937232e-02 -9.483343104155232597e-04 2.252375135704420394e-03 1.405005196686908396e-02 -1.853598416732055165e-02 1.740613544813073010e-02 -2.048219169376338383e-02 2.109364687181741402e-02 -1.406158450259870204e-03 -2.598172775545147875e-02 4.707287013382532859e-02 -1.148699845481715963e-02 -4.642961880434826050e-02 -2.238191175073797612e-02 5.005486873948757076e-03 -6.074688637998053656e-03 -7.757147632451845930e-03
3.691945182129557218e-02 -3.724545983234611723e-02 -3.402072680119879160e-03 4.026947847567048655e-02 -1.240176031700528786e-02 -2.683321782273304784e-02 -3.352284282515573949e-02 6.683123246813214846e-02 -2.552552818173047140e-03 -3.489409000102618175e-02 2.396123429103404548e-02 -7.261106133197085116e-03 -2.152658670625506865e-02 -6.947432646696153138e-03 3.801738503903609196e-03 1.405366723676780387e-02 -3.051434446397446182e-02 1.113060930227109321e-02 -3.565409259728225758e-03 1.144824116779656793e-02 -1.931603928929163591e-02 2.460083428315469958e-02 -1.463814628304326536e-02 4.592291198242112737e-02 -4.534732130611792561e-02 2.156518666722791883e-02 3.140117766521913906e-02 -1.842264137673387155e-03 7.354867945407091330e-03 2.589086554487485432e-03 -2.719503173418446468e-02 -1.952324604742488798e-02 3.598494498249543705e-02 -4.716897182814214912e-02 8.932291342926426680e-02 4.106759089099695781e-02 2.684456962391937838e-03 2.289373725989224048e-02 3.187027169217714062e-02 -1.460188578696454062e-02 -3.176613495091898387e-02 2.187336678842013299e-02 2.108304040171625482e-02 -1.087234839765815336e-02 -2.441191011547334463e-02 -1.330522080708369283e-02 2.444736398599749519e-02 -7.084991385250795359e-03 2.196467728418759896e-02 4.591760288715643346e-02
3.498283234125942193e-02 4.368128518535509264e-02 -2.152900540555629377e-02 1.333622541354534223e-02 2.684789558469548310e-02 -1.737367506805784570e-02 3.469804667247688296e-02 5.564943179362722564e-02 -2.867862363233387654e-02 -8.100705613229477325e-03 -2.532213403959517051e-02 -3.810847350454998894e-02 -1.130435170509977438e-02 -1.841322210736086665e-02 -4.822491066920002456e-02 3.197122693567523710e-02 9.079085984062215675e-02 1.251136443784908910e-03 -4.826586916224120949e-02 -3.328514052256358741e-02 -3.370394334773928885e-02 4.626042847808076869e-02 -5.140917555389249577e-02 -8.812680091483768297e-03 -1.141889138910398734e-02 -6.411898861576765737e-03 -2.905254351141491748e-02 4.107865999728652073e-02 -2.182786160493927537e-03 6.464955440572938035e-03 -5.012143708123484309e-02 -2.709228382027536325e-02 1.586241794806180286e-02 -4.915198498464467408e-02 3.908939556143230937e-02 -7.804262197595984024e-03 -6.984932416824955748e-03 -1.380729773171082697e-02 -2.492639925265069389e-02 -1.956119347973146044e-02 2.641645299398999100e-02 4.098026769197853081e-02 2.129504723909065450e-02 -3.381932267145228155e-02 2.979884247993628416e-02 -1.874951368227879139e-02 1.247272231653378735e-02 2.074386626753621163e-02 -2.059986776756475915e-02 2.169147526063060910e-02
-6.512561235764912845e-03 5.248171349846449812e-02 7.614450242166609720e-03 -7.126142760425928195e-03 -4.345100762461297922e-02 -1.888975015509028119e-02 -5.291185470587088380e-02 4.293067336563478192e-02 -1.723679572935409281e-03 9.110214265961934059e-04 3.717466770210353395e-03 -7.212823857548307689e-03 -1.772704755365201584e-02 3.009520476853059026e-02 8.769349993100597268e-04 9.269278140025555973e-03 -1.112930850453757239e-02 -2.021423444721038437e-02 -1.444395046231296102e-02 1.316102744644414950e-02 2.117628402107818442e-02 1.758862669240527157e-02 -5.275760260004355717e-02 -1.453960622433586071e-02 -1.002629797474340924e-02 -2.345107953559771169e-02 1.309602131153764920e-02 -2.728314142773832079e-02 -6.076077073345159674e-02 4.244696576384639902e-02 4.174730812019112475e-02 -2.508558837372847072e-02 -9.842281567916029775e-03 -2.409571227519117023e-02 3.870063378217000749e-02 -2.791879604628477035e-02 6.173828873339932966e-02 1.201701979615784482e-02 4.814009085060012155e-03 -5.458280698645506801e-02 -3.152575553298270911e-02 -1.741598033846325846e-02 -1.424463974376566355e-03 -3.748241034045295822e-02 -3.480625236238318182e-02 -1.014582839441345065e-02 -2.012915732244114405e-03 -1.195376322649920227e-02 -2.447871144326113895e-03 4.123239252316453912e-02
-8.283071120807570034e-03 1.183754485006269230e-02 1.489437321231944396e-03 7.209106357157681055e-02 1.041970041844327011e-02 1.093380611108628895e-03 -4.836001637641538370e-02 2.853722201386272098e-02 5.225599138545973521e-02 -3.606270924442015607e-02 -1.923249091110578943e-02 -3.862758891232052211e-02 1.487138306893028006e-02 -1.713765174299192173e-02 1.059861833859974088e-02 -2.066951468253555926e-02 2.834477140052689761e-02 2.091828995284267592e-02 -2.057257160275195382e-02 -3.188194529417223699e-02 -6.710369784917270819e-02 -1.384952124499824397e-02 2.097443368928287449e-02 1.203626172718232426e-02 -5.654058847674423710e-03 9.451440732975531153e-04 -5.560523952007500118e-03 6.874389267201162952e-03 -4.464930220656947862e-02 -1.386310317011214821e-02 -5.427223563687323671e-02 7.938450559372875817e-03 -3.576739829031154450e-02 -7.792562886408513356e-02 3.969728241104972938e-02 9.824019320830186877e-03 1.915286577734795536e-03 8.312054185358959402e-02 2.589101594111769752e-02 -5.832648514662196887e-02 6.736241854597434936e-03 1.106706173000619742e-02 -5.914793368520221417e-02 1.777754209496250001e-02 -3.760099496771115296e-02 -1.033061103482647326e-02 1.461115051457893485e-02 3.922466760441466888e-02 3.667017404352918702e-02 5.351989143909698793e-02
3.793585197836994716e-02 7.466570086991602961e-02 9.169062935037742071e-03 2.379997555113531546e-02 7.242301677619267242e-02 -3.206427200245239029e-02 2.110939128050406607e-02 1.052528647103636306e-01 5.298826009168144946e-02 -2.246824248890372244e-02 4.273313424561774043e-02 4.002267257247640181e-03 5.840797138875649525e-02 -7.090477208215154037e-02 -1.928128328765586416e-02 4.565782477764462194e-02 -3.025364127857558399e-02 -1.079542988749994034e-02 -3.022500966506014991e-02 1.715142836036031779e-02 2.948473334957765410e-02 -5.273991803232198211e-02 -4.204600069175137150e-02 -5.315377513983984836e-02 -8.047433158632198713e-02 -6.656326032134060600e-02 -1.887702885243242729e-02 -2.203103952191041385e-03 -3.693017979821979890e-03 6.193532325905125660e-03 -1.606228895725842973e-02 3.052802089275941100e-02 4.965455992910169231e-02 -4.165681617510044732e-02 2.869097293987261932e-02 -5.428820464345849445e-02 -9.518376673695261303e-03 1.460693812793756319e-02 1.088468126222917332e-01 -3.861735211497901304e-02 -5.443633974860192376e-03 -2.728441939097469432e-02 9.585470680622624681e-03 6.478030919224579687e-02 -2.696206306086940466e-02 -5.259713346823709917e-02 -1.260423282544405853e-02 6.346809975974318507e-02 3.752652208783675142e-02 5.329807126141307416e-02
-2.652960724931691452e-02 4.107517547542413605e-02 -6.043722640904501675e-02 3.760441715040595267e-02 -7.175375042826789840e-02 -2.093209749356106375e-02 -1.319227057192001555e-02 -9.759605936897558856e-03 3.846581455792372206e-02 -1.029858080237456425e-02 7.797855156548433309e-02 3.001285716550003771e-02 -2.779206121912913136e-03 1.427624513966246249e-03 -9.865142161019581357e-02 2.978488619863541367e-02 -7.606858006469108258e-02 -3.807082759935481123e-03 5.173650759593791115e-02 6.371193297487343088e-02 3.827281996484335758e-02 3.469007244432644778e-03 -3.538390110972836067e-02 2.977199710298398388e-02 8.193806971369867881e-03 -2.196117866908536137e-02 -3.831177002635506893e-04 -4.966016951559179549e-02 -1.111774460109766008e-02 -3.885686942742380863e-03 3.115255335227567687e-02 1.604972272172025668e-03 2.410223489551808346e-02 -1.144266008318407801e-02 -4.120028154114307312e-02 -5.680944015574004857e-02 -2.785054444185353084e-02 -2.310631129256480315e-02 4.412981502837097329e-03 1.305720858324297406e-01 -3.205784599931738726e-02 -2.928793990601153904e-02 1.914058170135123430e-02 -1.160660383961836968e-02 4.404478251311963466e-02 8.927799716233254801e-02 -3.713384712706470359e-02 -3.644080925443337476e-02 -1.971818888174470957e-02 -3.117518849072957107e-02
-5.338154085096777357e-02 6.755142507216586878e-02 3.865819717930673444e-02 -1.826095509278459931e-05 1.513270698025534489e-02 6.708188553526168996e-02 -2.072016189570956290e-02 -1.334067189695723604e-02 2.339970526930984507e-02 2.444118513610812546e-02 -1.499604434933682340e-02 3.071694785615063789e-02 -2.890714357382364805e-02 4.766506826778107997e-02 -1.510133409245213547e-03 -5.032090537613176373e-02 5.161988682296939773e-02 -5.771610056523466398e-03 -1.114258713962681252e-02 -4.509737007352954130e-02 -7.464282891822129201e-03 3.810657266837533252e-02 -1.320334673851634479e-02 -3.778259901411860910e-02 4.638208071592386100e-03 -5.865487901531588749e-02 -2.938939129454079188e-03 -3.207556814373355158e-02 -7.411872728837620716e-02 -1.547446154109194004e-03 3.597221462470509643e-03 4.601400166972350464e-02 -4.141066658998254074e-02 3.796460742268018690e-02 -1.271231531821949597e-02 -4.651239241355265008e-02 2.559624003705667644e-03 5.445860893901512123e-04 -2.379346367294338238e-02 -7.018386431110568147e-02 4.377288550198726869e-02 3.783300791929709167e-02 -2.901448973303581702e-02 -4.059735661170115611e-02 1.144590351488537598e-02 -5.168925985578696342e-02 -3.114288353308113447e-02 1.161164069225663689e-02 -1.173995813665154250e-02 2.561773117292170943e-02
-9.861852455787139312e-04 -3.833401810213689365e-02 5.027712757306435770e-02 -6.409967403642577444e-02 -7.294064133449483511e-02 2.559690792237565016e-02 2.121798597791465027e-02 -1.764056103055730920e-02 -7.321049105393141743e-02 8.042639585501342586e-03 -6.666216460836209279e-02 2.222949876243103182e-02 -4.171283427372976527e-02 3.638009960171096485e-02 -3.985924321365385409e-02 -7.511551066096087970e-02 7.029602682116151136e-02 1.011871951402890102e-02 2.199096443656506361e-02 -4.779773221079552242e-02 4.550216365238084898e-02 -2.846141300935257565e-02 1.984216840452938946e-02 -1.523259625397811040e-02 3.945459263697354002e-02 5.593869421837211441e-03 -1.708181340271015120e-02 -7.037281447612949575e-03 -3.661639083647094846e-03 -2.658501660747519812e-03 -6.175130988913482555e-02 2.081607998497796846e-02 -2.695160091263666680e-02 -3.184493980750328218e-02 -9.079560868775619561e-03 3.174133123447975269e-02 -5.470589916447601841e-02 8.008324905901022250e-02 3.970036814949924088e-03 2.118662093476619823e-02 -8.366641935485230261e-03 8.027963454337136429e-02 8.145442955898665044e-03 -6.664032447738051090e-02 -5.513036779201765936e-02 -3.480348210338263248e-02 2.377411735851385488e-02 8.959030750898338072e-03 3.946495765997413280e-02 3.008090667219161934e-02
1.653377815653101629e-02 -1.751216545155118154e-02 -4.973888464211572574e-02 1.640083645885199656e-02 -1.912839950022715910e-02 -5.136693995770393560e-03 3.888298842845686748e-02 -4.161337378140859966e-02 5.710191167479729268e-02 -2.155234870786874521e-02 3.105605891088159681e-02 3.726857084189160590e-02 4.592169824510172749e-02 -3.736443453144983051e-02 2.640071643584764732e-02 7.092353602655888933e-02 -3.516495015475721089e-03 5.217510638057668189e-03 5.228491330834495604e-02 -1.954226770651161516e-02 3.963436143464264122e-02 -1.385118367679539532e-02 4.149394874070965605e-02 2.339199374011810897e-02 -7.793646411778118975e-03 4.773473159917400802e-03 3.805005281414947788e-02 5.668069903492269773e-02 6.028040182707324751e-02 -1.046768742522062069e-02 3.094192837673919241e-02 -3.381495581635243775e-02 3.044895622797283777e-02 4.630238686386681235e-02 2.153151891274902516e-02 1.491818587738908373e-02 -1.485679191393599746e-02 -7.808023857154148747e-03 -7.479475033042937149e-02 8.072577226650991256e-02 -1.457859532706314108e-03 5.996846904249887589e-02 8.187062470779450651e-02 -5.219444253676670115e-02 1.658795103789597464e-02 3.525466647577104456e-02 -2.861782022791037328e-02 -6.300545167018301029e-02 -3.420372034646728537e-02 -6.095543810528009782e-02
-2.683683108999676548e-02 8.998946977471017350e-02 -5.753586478057125947e-02 -1.367588967357488694e-02 6.933844779831753458e-02 4.565066112738003223e-02 2.521060097251118237e-02 -4.994655630161103088e-02 2.809628301909587278e-04 9.974171819844505904e-02 5.243888295527484450e-02 7.010197162972986451e-02 3.898981322078214073e-02 2.234132563817648170e-03 -2.430246229160526808e-02 4.302478690116054438e-02 7.438439212229461250e-03 1.262937544867782751e-02 -3.730599180470472575e-03 4.301872067255818610e-02 -2.677593242436091849e-03 4.779795697386769043e-02 -5.662271556850356075e-02 3.176649437878804189e-02 6.192474582948041296e-03 -1.251090818353807303e-02 2.827137953661953279e-02 -3.798465696941248637e-02 -3.707157825007267177e-02 1.739208056761922319e-02 1.620070033835182069e-02 1.334450651951783404e-02 1.020127713246836987e-01 -4.380646380628695769e-02 -4.895389431240610052e-03 -5.216693477706136478e-02 -2.302997901614416490e-02 -8.203490704317245932e-03 6.578593332344224998e-02 -4.207309917333184462e-03 2.996521909244501472e-02 -2.125111426133670725e-03 8.217610672796898247e-03 1.280464183456801186e-01 -2.252665305467744031e-02 -1.451929472467905664e-02 2.401132768262231442e-03 -1.172957467026428113e-02 9.129955057680931574e-03 5.743715343382653493e-02
1.111054266199555489e-02 6.346449812186188977e-02 -9.856774875331314814e-03 3.841191138073703909e-02 3.625081170611847009e-02 2.618452961452466966e-03 -1.301856103981251060e-02 -4.192033908878271126e-02 -1.975991591315070378e-02 4.020899573258256143e-02 9.949458564434528196e-03 4.463897880561102510e-02 -1.228783580856604961e-02 5.202877553736348637e-02 -2.207297333199714079e-02 5.704013695676193180e-02 4.041451952737329725e-03 -3.079194871233864247e-02 -1.885340921641776371e-02 2.754498718492180351e-02 7.347402115515218324e-03 4.067294445993086156e-03 -5.210584614230497069e-02 -2.572198449446708168e-02 1.374732271061373037e-02 -4.541367926141324368e-02 -2.279160950344466443e-03 -5.317690428753585503e-03 -3.824788093987736143e-02 2.698475862611213194e-02 4.407927690773254248e-02 2.190869707727825452e-02 1.450599485440098695e-02 2.844527252837554879e-02 -2.698468273672811890e-02 -5.383941245582618551e-02 -4.033049936206986597e-02 -4.750697326557287714e-02 -3.020409188976008047e-02 -4.412924182351509600e-02 1.880615858531548348e-02 -1.608319043996910697e-02 -3.736237746437305607e-02 2.482467900144186279e-02 8.247328680297533188e-02 2.031642278493192566e-02 1.617206032850691810e-02 3.317419500567696244e-02 -1.218164142499823625e-02 -2.420338037931302547e-02
1.970080887769055239e-02 -3.484944944885775414e-02 -5.680114577673555515e-02 -2.187335814656094293e-02 3.425747151327075690e-02 2.419541693542107477e-02 4.344884177786999778e-03 -1.207699301581960545e-02 -5.251678812114909944e-02 -3.454743514287682976e-02 8.837699319779682844e-03 -1.440748201053791352e-02 -5.616885088910063967e-02 -3.360989737288249540e-02 -5.967897554542624800e-02 3.450157192087991570e-02 4.065154911546591671e-02 4.919730291481084691e-03 -5.120692157043790771e-03 5.991619995492110731e-03 6.587454571979441641e-03 -1.122223113284444816e-02 -7.138664951247460652e-04 1.642369672916762016e-02 -3.254744703360668706e-02 -9.100559975508848432e-03 -4.380158586755985434e-02 4.803399143875644768e-03 1.054790061446305924e-02 -2.779898252394721880e-02 4.972825763385979592e-02 -4.611457116059709815e-02 2.596268375363213962e-02 -6.670202047012005475e-02 4.101685954547718699e-02 1.002291806512929477e-02 -2.381050961817304801e-02 3.492590214216092625e-03 -3.864989549474971003e-02 5.443109784962997522e-02 -2.810098458066193419e-02 -1.357540983203478664e-02 -1.578053947344339181e-02 -4.988363066831957154e-02 4.992827514841530895e-02 3.571363586554845981e-02 8.800003670462798813e-03 1.957475345042807707e-02 -5.140073059489289053e-02 -1.649422882282085973e-02
-2.815281667604032159e-03 1.229666543256249626e-02 -5.958266975564464191e-02 -3.977848822661762818e-02 -2.003905735813236565e-03 -2.380045016065427885e-02 1.844909820017521379e-02 -3.446002634405061996e-03 -2.972908719817655629e-02 4.426021049610821823e-02 -2.717236489904331989e-02 3.267164464162467669e-02 -2.634504682146201343e-02 -5.425036811892377381e-03 7.445585420164156729e-04 -1.009575590109902145e-02 5.617245053729057885e-02 -1.656654364896815914e-03 -4.079801363546628479e-02 3.108462674996329000e-02 -3.915276159314939192e-02 5.406105598395063994e-02 -3.485727199539851578e-02 -4.810057668106399592e-02 1.046315383909772641e-02 3.240642038580848761e-02 7.060959026148033724e-02 3.413205647017871630e-02 -4.421308237717141987e-02 5.559964927684552145e-03 -2.707891211226452766e-02 -4.675931839869659767e-02 5.256785700240101944e-02 -8.099855911782120887e-02 4.070049016918290963e-02 3.276130063369024625e-02 4.107600925245127182e-02 2.133639428493538243e-02 3.074654053172201987e-02 -7.174996869732107319e-02 2.085277334855545166e-03 -3.035086569684461444e-02 1.186559717366358208e-02 2.719004983099202952e-02 -2.638752658137351326e-02 1.302954571116466710e-02 7.568912223877409529e-02 5.309969791453277022e-02 -1.508139979314618295e-02 4.847744259136303052e-02
-3.961486879552424817e-02 -2.573961358967717314e-02 3.413749748632349031e-03 3.870013630637349211e-02 3.220199760302314834e-02 7.190689216591859140e-03 2.090105571452719867e-03 -1.091640826451130766e-02 1.237222450225309266e-02 1.268890132549189108e-02 1.502815184971631815e-02 1.388909552778504544e-02 1.427295958667699517e-02 -5.913144946828408077e-02 -2.819601317982220121e-02 7.519742731277369654e-03 4.419152679094311836e-02 8.467304807521485593e-03 -1.393993515843874702e-02 5.142319867501366978e-03 6.474716402809619145e-03 -6.063625418856670446e-02 2.639577050590270063e-02 -4.898321780197530118e-02 -8.100306508434865216e-02 -3.564329995897673464e-02 6.093408193033238857e-02 -1.452745134450561179e-02 -5.440138581663371553e-02 -2.671923958643148550e-02 3.646015536233614823e-02 1.205950612091246342e-02 3.644924903986254683e-02 -6.619172549872958354e-03 3.700325891022489266e-02 -3.228829035269718123e-02 -5.467266364489397484e-02 6.519222942538798610e-03 6.123489020360211449e-02 8.328812757536979000e-03 -7.465353565564190191e-03 2.445923008233899867e-02 -2.463519343043036464e-02 1.434064869115823579e-02 2.349257821762615328e-02 -1.064094414024586294e-02 -3.490376788718928605e-03 9.167416075478196369e-02 -4.290650484251076757e-02 4.084259480200315082e-03
-6.271657212858419705e-02 7.998026567359999006e-02 3.130931010105668377e-02 2.439664282309382884e-02 3.759363118337388787e-02 1.801827333977616382e-03 -3.830547613641621663e-02 4.414125580809014071e-02 8.459624946193877379e-03 -3.367618869808990112e-02 -3.693283083552079647e-03 1.753505759665596048e-02 1.125410094498809424e-02 -6.904190051351357348e-03 2.308239200984448392e-03 1.166075715270132977e-03 2.939069614948632003e-02 -1.753998098258675170e-02 -4.817685514338267139e-02 -9.855784101160182040e-03 1.853083475754428375e-02 -4.167641270498839007e-02 -2.726085355890317877e-02 -2.876389891922264547e-02 -2.953470880642782015e-02 -8.236828601631540625e-02 -6.115224396178395305e-02 -7.571425513603971535e-03 -3.358549471377317991e-02 1.019523049917643413e-02 -4.170890224831991927e-02 3.954553084264051006e-03 8.581951361403305709e-03 2.387059622741909831e-02 -1.245477918747285584e-02 -6.843735809350799670e-02 -9.566030878142067415e-03 2.278758004921062775e-03 1.662495763053742706e-02 -5.547793137388958712e-02 7.594106702839777470e-03 5.351696459722769111e-02 -1.802094633058973563e-02 -4.286489659393338814e-02 -4.158705995546142439e-03 -4.132561008054965596e-02 -7.352371500071223920e-02 -6.643586997947347091e-03 4.597360700302996483e-02 3.156419830596741971e-02
2.558512393406299837e-02 4.530633289605008433e-03 2.715009614399233398e-02 -3.536953436001562950e-02 -1.638919788116883006e-02 3.636754727384260144e-02 9.009558969556144548e-03 4.205967423368358465e-02 -2.401162734277134322e-02 -1.430759501258844699e-02 -5.492607514676293295e-02 6.420232991147046923e-03 -4.199563182220110436e-02 5.756371556314514130e-03 -5.228799102202945880e-03 -3.128755749388353880e-02 7.190053245936234294e-02 2.792515636418746797e-02 -6.113591698065206151e-03 -5.148840963753079786e-02 -2.240303321818094134e-02 1.111339720821152670e-02 -6.806790016947937907e-03 8.876568847590379438e-03 6.969737366703161047e-03 -3.305718134521767188e-02 2.089757935986291670e-02 9.556100270520130266e-03 -5.118372834401587260e-03 6.162161300603701854e-03 -3.088873131792561205e-02 2.953913202103679650e-02 -1.402204562076469346e-02 -5.138710819122027651e-02 2.812871829231216106e-02 3.363264304827372209e-02 8.160666524873840585e-04 8.188622209265185303e-02 9.162676243660693859e-03 -7.716696144059620455e-02 1.664722517433353532e-02 2.628878921857051923e-02 3.073890868982177577e-03 1.313735820144220495e-02 -2.934733710263189715e-02 -5.229624474273607271e-02 1.698957207346729614e-02 2.000575390640344647e-02 3.053381846389062806e-02 8.606855066091811945e-02
-3.411156