\\Weights for property-selection feature, generated with https://github.com/brmson/Sentence-selection
\\Trained on 1150 questions, 12189 properties
\\Cross-validation MRRs: [0.8295147867430475, 0.8042404427059161, 0.8085654381850034, 0.7826517202604161, 0.8023959735916258]
\\Mean cross-validation MRR 0.805473672297
\\MRR on the whole training set: 0.813700256888
\\Learning constant alpha = 1e-07
\\Regularisation constant l = 0.005
-4.411978084481099627e-02 9.474989175280607370e-03 7.441788595716113119e-03 -2.047161596381341306e-02 -3.535672523791071054e-02 -5.818199092361556798e-04 3.361101995360887915e-03 -5.595912576506763964e-02 9.769227661645249125e-03 5.245127071284351461e-02 4.242320357974542488e-02 -1.873728541339209769e-02 4.183258389556879925e-02 1.484437593898187482e-02 4.860995549738652936e-03 -1.121674134458757431e-02 -2.090427862776636156e-02 4.207916619255369639e-02 1.548929966892649600e-03 -1.023019831903221669e-02 2.615423286040477469e-02 5.491289731652417364e-03 2.080531507182110593e-02 6.060422682806036743e-03 3.157126209308038466e-03 2.783778380472794536e-02 -1.743338563610125763e-02 1.035641875430007817e-02 -2.462793375928529552e-02 -2.225109734898928892e-03 -4.024697290842388364e-02 -2.507438007605277200e-02 5.334232533272600073e-03 1.964228279958753556e-02 -2.184206571103569985e-02 -1.861623146989439814e-02 9.254200318858402108e-03 3.643772836093037149e-02 8.138808118182355375e-03 7.272953968921471671e-04 3.565971035604497547e-02 -5.544262362001418747e-03 4.283079836613021274e-02 -3.447377963742850882e-02 1.507635000110188646e-02 -1.257114825008916366e-02 -2.403563384935297753e-02 -1.862582467883640638e-02 3.466926333797188536e-02 1.131817284020405698e-02
-8.216845468292797300e-03 3.226631840748735852e-02 -2.000714347337865379e-02 -4.133338128960743763e-02 3.165651226318805245e-02 2.949941057551388676e-02 -1.800104723793483075e-02 5.546794948786584311e-04 -6.171616825325337147e-02 -3.224182475095080380e-02 -4.535321481412157851e-02 3.981516338436204283e-02 -2.084583355914459285e-02 -2.595068607367307344e-03 5.274096812408302082e-02 -4.565511017569227198e-02 1.241285687054291195e-02 9.184663103057147046e-03 -3.765339984268306628e-02 4.604111606918698946e-02 3.525930082573209418e-02 2.830498695401262310e-02 -1.066755416046308476e-02 -6.251530650312431270e-02 -2.057461847197306418e-02 -5.060367493229089159e-02 1.187532109540022536e-02 -4.945615235290157924e-02 -2.832350104041074339e-03 3.685263842118124272e-02 -8.769061095935110073e-02 1.861306398152294192e-02 -3.323608502898373063e-02 -1.173225353362110542e-02 -1.372449584788522879e-02 -2.541217647464335747e-03 -4.911405178297108265e-02 1.665223794465523497e-03 3.066884746546771554e-02 -2.801047805367660321e-02 -1.735943413629400731e-02 5.859411267964913933e-02 2.335190516200701463e-02 -6.614349964203665444e-02 -1.113132451694225263e-02 2.721251479359995760e-03 -1.378169346423014892e-03 -5.167220828208553968e-02 -5.392906276130177146e-02 6.327072086835384968e-02
-3.224323249643820666e-02 7.464993643511505864e-03 -2.843442198251886627e-02 -1.643399306213334105e-02 -3.063191333980555542e-02 1.061530236941926435e-02 1.252591802195975219e-02 -3.051626151758209463e-02 2.082423391706917509e-02 5.678184908315561663e-02 2.763738218332608201e-02 -1.658702287822797286e-02 2.725187408453375384e-02 -3.104013082868047144e-03 -1.809580770204854624e-02 -3.010761908009206705e-02 -1.161399019938055138e-02 2.206380248067139546e-02 8.435855146123530726e-03 -1.969241660443950964e-02 5.571698549445504300e-02 -5.060913909336880318e-03 1.349589283465075368e-02 -1.019095317206909247e-02 2.877949147231897639e-02 4.428496151358424573e-03 -5.097742789789935780e-02 2.544685890209497092e-02 -5.574600546420707681e-02 -8.179264297922426638e-03 3.876967631322468522e-02 -6.380584908177402981e-02 3.587963414158487890e-03 1.222591879885762123e-02 -2.689746114053840134e-02 -1.764035054902318711e-02 6.163535015403358991e-02 6.699698601679414389e-02 1.050606041333390639e-02 2.197538793791356179e-02 4.830894437111119682e-02 9.137571645873738537e-04 -1.053054976674083418e-02 -7.010020680444153940e-02 7.566279428197386810e-04 -1.622029531675156164e-02 -2.924741932690045482e-02 -3.869784126496076532e-02 3.053348125334469365e-02 -2.507002283225699332e-03
4.415816822972034629e-03 -5.643663798910646123e-03 4.131205163432689897e-03 -1.922361946722580053e-02 -5.791328977727212661e-03 -1.835107368828582317e-02 3.897949374714501647e-02 4.019455780292797292e-02 7.791091637071612466e-03 -1.108216917891698648e-02 -3.094600421588389674e-02 6.126859979767776258e-05 9.774161202832478204e-03 -9.685745717250175213e-04 -2.045006944677020197e-02 1.011055808396021417e-03 9.767598480075145168e-03 -1.293227221349763437e-02 3.014323880329379188e-02 -8.403076480841797577e-03 -2.883983423891761655e-02 -1.402872278197028668e-03 -2.210464027278973009e-02 -1.743400254763264115e-02 3.334857371933221820e-02 1.422269232041966681e-02 4.157783501390167891e-02 1.103135013599613719e-03 3.227384808095118407e-03 -2.091494151653215325e-03 -1.072797285028735947e-01 2.921244484278688602e-02 -1.282460600756058812e-02 4.411588915933585195e-03 -5.818021601178058333e-03 -1.759627771573974570e-04 -8.854281747447776286e-04 2.439094983801442813e-03 -6.765364805000982813e-03 3.990503952101674690e-03 -1.723522947379768980e-02 6.367542581748198566e-03 -1.392760951963665887e-02 1.177494897108878787e-02 4.129488872195764999e-03 -1.510307756504472750e-02 1.641254464812590130e-02 2.480976258241171517e-02 6.266304267089679468e-04 2.291951340929937464e-02
5.687254030363548575e-03 2.515579516770819271e-02 -2.497247151426068221e-02 -2.640066613896556447e-02 5.559659927396477797e-02 4.433871702388889058e-03 3.510409437241392323e-03 -6.192908257395159100e-02 -3.469407554103513813e-02 -1.843484214849218372e-02 -2.336172674468150329e-02 5.031473311590114322e-02 -1.095124031796224778e-02 1.217836240644657592e-02 6.060138480269992162e-02 -3.057398394904847772e-02 1.922239477762207466e-02 3.958052654372819223e-02 -7.411217860742962127e-02 2.444912562315406865e-02 5.896612890968597892e-02 1.716849988226496621e-02 -7.021008474057574902e-03 -5.385033954669376371e-02 9.452663500677072755e-03 -5.013097491552305496e-02 -2.922613902494496096e-02 -4.557299234621213502e-02 -3.233652979985986164e-02 1.522053131167307345e-02 -4.893974327718171764e-03 2.896153000174648412e-02 -2.039685135780471351e-02 -1.473114265693670558e-02 4.604413494824854611e-03 8.106967816043484168e-03 -2.748132261396849657e-02 3.447715385377100872e-02 -2.345051113219961091e-03 -3.198508872334674541e-02 -2.845650404503719672e-02 7.390463430306862258e-02 2.075308172180562530e-02 -6.293500815460113806e-02 -3.033419675708048935e-02 -9.068276258649796140e-03 -6.356821512190637471e-03 -4.628283559904457917e-02 -2.354494353486925526e-02 5.321777701192712678e-02
-5.310130122189706849e-03 2.954844784028414981e-02 -6.064997816088205616e-03 -1.226332697813237345e-02 2.360933586581424881e-02 9.336029847263980358e-03 -1.267903717506645156e-02 -6.188819913730199927e-03 -3.794188735516144245e-02 -1.940903422660000127e-02 -1.605899462681885728e-02 1.227528092218584110e-02 -2.006077600851267559e-02 1.485742554293956359e-02 3.479517665956474715e-02 -1.129088284291266710e-02 1.292490789748613339e-02 1.872680291113934525e-02 -6.217528119669134962e-02 3.899110818780917448e-02 5.046890324330257152e-03 2.766103288722707165e-02 -5.419880870064560513e-04 -2.178501301330968906e-02 -1.107814096837431150e-02 -7.253309674703762797e-03 -8.503494358958172544e-03 -3.521168874779037616e-02 5.913501429170675387e-03 1.882060072794848951e-02 -3.537215668363643400e-02 2.341949861575589112e-02 5.145078545849150579e-03 9.290626744184116636e-04 1.177879125630929696e-02 1.524032099979553273e-02 -2.564805117525011113e-02 1.179650028850263467e-02 -1.547396953216679345e-03 -2.320386816901686203e-02 -3.936504404426300480e-02 3.623399023153489606e-02 -5.740824504291822984e-03 -2.894618658206914164e-02 -2.699419031054000467e-02 -1.678303008809554214e-02 -3.108378522936559255e-03 -6.112670168041968444e-02 -4.738655340684341799e-02 2.763917735016778454e-02
9.428054154890222124e-03 -1.311307670456152846e-02 -3.441100047260751277e-02 1.254490964735623625e-02 -1.105735824877010325e-02 1.094401580579953959e-02 -2.709687314774465727e-02 -1.686309693809456139e-02 3.273927764006916152e-02 1.631139303721054756e-02 2.526751530197667711e-02 -7.429439029509359721e-03 5.981040597040842947e-03 -1.685271424470533366e-02 -2.415844446923844785e-02 2.012104914296663702e-02 -6.240337500331767651e-03 -2.004690075417122838e-02 2.842617100834403041e-02 -2.561632526485575767e-02 -5.518030387020714245e-03 1.451233612497116517e-03 1.209672118563218969e-02 5.040796603178827884e-02 2.988828150186089924e-02 -8.951311295621860314e-03 -1.385115203209541686e-02 4.562246338023333292e-02 -1.391659143892920447e-02 -2.795520658075115530e-02 1.584214840900537991e-01 -6.674701410327602003e-02 1.357297014023539986e-02 1.514168696019964865e-02 1.634556691090678507e-03 -6.391103169526829832e-04 5.908118194782212979e-02 -3.280418307637061447e-03 4.413924086503800276e-03 1.372335377737450395e-02 4.585435628983312861e-02 -2.863061461387771123e-02 -4.048495570881775751e-02 -4.313451874299477806e-05 8.235087324408446596e-03 1.161442183922784324e-02 -4.441903907184370677e-03 -7.320669564912691413e-03 4.362436052909521300e-02 -3.214421983075188560e-02
2.609277468343602913e-02 -3.551928217758176798e-02 -7.187755404655401734e-03 5.537332501053355768e-03 -5.018109525813268558e-03 -3.612139062899399899e-02 2.403143011241860166e-02 1.746547732294184349e-02 1.327795188913947350e-02 -2.374443201576071499e-02 -2.409017550283492487e-02 -7.188607180844586338e-03 2.455716203670572223e-02 -2.922304862505588352e-03 -3.818531910584822137e-02 6.338787424245496613e-03 7.687348248084525243e-04 1.220868098547940768e-02 1.268616191118372184e-02 -1.793115255763893731e-02 -1.172350460223244017e-02 -4.544840554551495687e-02 -2.829205901715653448e-02 3.428092225813556861e-03 -2.958234216033555838e-02 7.590413436777412870e-02 2.423392513235743048e-02 -3.054567192536338221e-03 1.580713669790218684e-02 5.561455904494341275e-03 -1.617774335740824743e-01 4.765208727537055544e-02 -8.909295338598289399e-03 -1.821658650776362140e-03 1.264264913357332314e-02 3.533165813735788391e-02 -3.700839664517149678e-03 1.370726804638398508e-03 -7.982792363383582612e-03 1.455927856442955186e-02 -3.863957417662506038e-03 -2.997378683425326942e-02 -1.256495678478502728e-02 7.821582040690565341e-02 -1.865990746701011102e-02 2.483908742341114223e-02 1.587038454445461808e-02 5.661026370639990479e-02 1.774349661149343324e-02 -9.251695668464983771e-03
7.677080503724988125e-03 -1.735332110503498082e-03 -2.375172307429305671e-02 -2.798841223501110850e-02 -1.099047536066305279e-02 7.296453307219604410e-03 1.819401783588523586e-02 -3.396625826815441451e-02 1.721390331650178920e-02 1.694145647368381497e-02 8.985904353437332640e-03 1.299843307121599338e-02 2.202945260146392872e-02 -4.898879406490743056e-03 -9.972325597159078028e-03 6.534730710405931009e-03 -5.642716248232894187e-03 -1.568766996747894549e-02 1.033032086979457365e-02 -2.704975736824740892e-02 2.926258090375216322e-02 -3.023134937308469359e-03 -8.697805439686559156e-03 -7.237441430779242846e-03 3.672994822594921605e-02 -9.707618694217802491e-03 -4.980264607882101124e-02 2.550620838228445653e-02 -2.429434747270141359e-02 -1.101356328544719071e-02 5.021389755184045740e-03 -6.221598223240692310e-02 2.151958079909653543e-02 8.260808885147311043e-03 -3.405382493832740526e-02 -1.014408305340454286e-02 4.419998067257748658e-02 1.104121705856064839e-02 -2.240544678239137638e-02 1.684524066225046024e-02 6.183626029565735677e-02 1.734569842288026867e-02 4.953946441066580698e-03 -5.030729756878676157e-02 2.982539501401953660e-02 6.197914157741964136e-03 -1.610029853666979788e-02 -2.566676153094238355e-02 1.976753031443077846e-02 -9.344741529314186390e-03
2.200590734481498376e-02 7.573042465404028307e-06 1.260185968148879766e-02 5.692087178749029655e-03 4.267966892358369957e-02 4.502838962058076759e-03 1.032032129350350831e-02 -1.940521668681144266e-03 -1.273687946997569855e-02 4.725051909622900517e-03 -3.624497950123362067e-02 -7.182489384454733040e-03 9.875819350152912832e-04 8.204206552909775602e-03 1.009529725527148411e-02 -4.798228374829684520e-03 2.216231180047724490e-03 2.829242167938261429e-03 3.624440502249926671e-02 2.560818498972996030e-02 -1.889884546540772717e-02 2.040327478333597150e-02 -6.529144769791030145e-03 -2.057139548376852797e-02 -9.039854863458072348e-03 3.414274034667100222e-02 1.926920818967314906e-03 -1.952571935762213023e-02 2.087372203119667799e-02 -3.317008305260053976e-03 -8.617845105686557095e-02 7.773870715419090027e-02 3.490629417319803581e-03 2.064227591289341350e-03 -3.832864111985436611e-03 2.343210787625711611e-02 -4.918009439667852395e-02 -4.538495252123247309e-02 -1.035684234030586660e-02 -7.991134177679496547e-03 -5.392820666559029752e-02 2.316372053358389804e-02 -1.682530315622852990e-02 2.801891641175001738e-02 5.994768208033942648e-03 -5.075682862139483525e-02 1.960598721458943830e-02 1.589402111370754461e-02 -3.209779058908383137e-02 2.510767870289425108e-02
2.442133217488344499e-02 -4.057674817921161359e-02 -9.314874028462222927e-03 -2.139224729581054932e-02 -3.111806738266403253e-03 -2.088770703152535539e-03 8.306731055862817334e-03 1.193510429915495448e-02 -2.453747325241910013e-02 -1.406932163376979454e-02 -9.477833450332663265e-03 1.498544258777247985e-02 -1.830737426569609139e-02 1.093305160527882798e-02 1.738550945562427827e-02 -2.899620343605928408e-02 4.146090567906703279e-03 -3.985734576500373264e-04 -1.077000082728868380e-02 1.189765705993563356e-02 -4.281782523235295838e-03 -5.832561363255791761e-03 -2.921219702033820906e-02 -1.273443243529017235e-02 1.440911270040269240e-03 1.621888558580460507e-02 2.644558113320915130e-02 6.875098131209328835e-04 8.680995860093411801e-03 1.320337865866266086e-02 -1.148017248037151161e-01 -1.788214987908623606e-03 -4.559557214144427449e-04 2.548906773210644211e-02 -7.289544617666332375e-03 1.595015447011620402e-02 -9.436402641670933386e-03 1.530553209327894029e-02 6.527914848613216268e-03 8.542337412768243737e-03 -1.963384016335353085e-03 2.875319685300276040e-02 3.639397400407576831e-03 -2.434162797836298200e-02 1.457684669791549153e-03 7.602603668085016440e-03 1.648565533352839424e-02 3.450237024745455346e-03 -1.018804702872452318e-02 9.290430680459441093e-03
2.028039239667355983e-02 -1.376395226683739363e-02 1.888695616180869480e-02 -1.158742112012064486e-03 1.358932323006404805e-02 1.178281508132959093e-02 5.420588165586860685e-03 6.221073087845297583e-03 -9.554013072916521868e-03 -9.408517624531775175e-03 -3.883403976968586441e-02 1.652368317175111415e-02 -2.284263961433916079e-02 3.559232031766539767e-02 2.213912659401051294e-02 1.511595478031219422e-02 2.840991333511234257e-02 1.579501538629290991e-02 3.780894682294125200e-03 1.792248631942956055e-02 -2.276793996727081645e-02 4.513476197642302817e-02 -7.128096704742761108e-03 -7.801238985851369559e-03 1.652047178999066501e-02 1.475608015087864940e-02 1.426983190230681972e-02 -2.683740125174487179e-02 2.457166381396675911e-02 5.988623777083250388e-03 -9.672824754417250204e-02 6.559421702141550459e-02 -2.570339707206507809e-03 2.951411027089872584e-03 8.219887809149917582e-03 1.277851639600698953e-02 -7.018325719258343420e-02 -4.077930111613643077e-02 -1.132665737436533600e-02 -1.519495459198179528e-02 -6.688718471785486119e-02 3.831818105548068232e-02 6.720874587928237507e-04 7.534061862941034485e-03 5.100230379476087574e-03 -1.709810972258016953e-02 3.887524363459366611e-02 1.851098619514616669e-02 -3.094622259271619796e-02 1.907757588992635769e-02
-1.641821526328905712e-02 1.791784786995233509e-04 -1.923760088481977354e-02 2.865694046042102216e-03 -1.331848202688536327e-02 -4.665439411537979433e-03 -2.465176239372655898e-02 -1.061326491118244793e-02 7.118696651990832729e-03 1.999529632331883619e-02 4.427778802006547554e-02 -3.024395779057532235e-02 2.631376816910288227e-02 -3.896909073263237627e-02 -3.284275752523602154e-02 1.078800615189388912e-02 -3.138823238203564819e-02 2.176454421487494101e-02 1.326817655317929882e-02 -7.002131107196356806e-03 2.188039068204897936e-02 -3.108553902487205811e-02 8.740876890398447535e-03 4.849728018081667091e-02 -8.271796100448425282e-03 3.707976011163427454e-02 -2.164874596694615558e-02 3.376895372143745577e-02 7.860207961971855603e-03 1.300115838369922654e-03 2.072854682295640141e-02 -5.386129101128415975e-02 2.286194310371742616e-02 4.424983691538429686e-02 9.762826194473885402e-04 -1.449882814594407633e-02 4.382881112468969137e-02 3.777451474697980649e-02 6.282297709355823268e-03 4.300273876570456788e-02 6.092724894324121065e-02 -3.271165273698038028e-02 -1.421638003291950288e-02 -7.761472607472488273e-03 8.410787696597487456e-03 3.237598813927133868e-04 -2.795139259226288309e-02 -4.274392780416480520e-02 4.241287505256352564e-02 -2.979031532141606514e-02
3.154645441648186444e-02 -3.136066135947072203e-02 1.705592019443770077e-02 -3.279101103878797035e-03 1.994097893840194799e-02 1.562934874150876188e-02 4.961815078611862828e-02 7.514713632711722546e-03 8.291197213816645095e-03 1.161476656187787442e-02 -3.487124396444673397e-02 1.785348498841495338e-02 2.256186651116071085e-02 1.787879390003925192e-02 -1.346654464037533522e-03 1.166740222218310384e-02 1.782897778936884392e-02 -1.821280869070988559e-02 6.201626183843464424e-02 -2.084701202309460419e-03 -1.607998599603270226e-02 1.999738751079142493e-02 -1.323987292456584204e-02 -1.020634170344108908e-02 4.141093431661266311e-02 4.544473819907274281e-02 7.038323568627503565e-03 3.909689765137599375e-04 2.528483695851630603e-02 -2.674905914533252504e-03 -1.356645455297331992e-01 4.272414628307078660e-02 -6.934747895655513084e-03 6.340692039802180852e-03 -2.188473776064544726e-02 1.733820516112961549e-02 -4.321202277755985255e-02 -4.291765020965433719e-02 -7.800960466254521983e-03 -1.617844648020922912e-02 -2.500938461279864425e-02 1.227173657152741057e-02 -1.598470484595791719e-02 3.529448756409976629e-02 1.692481228007550534e-02 -3.949637344274654904e-02 3.733392340730886522e-02 2.270098885217124510e-02 -2.265091890430604923e-02 8.575218943777086766e-03
-8.693521723032929596e-03 5.520225476411096122e-02 -1.472846259414687525e-02 3.758139132049914156e-03 1.838291387959823872e-02 -1.009064339541817514e-04 4.025096043191200845e-02 -3.780894899896879852e-02 -4.136253956149371636e-02 2.078934785831937360e-02 -5.551658533183774502e-02 5.986722647469862324e-03 -2.644044927535450090e-02 6.050364544719111920e-02 6.707443328320938924e-02 -4.701634997893940765e-02 3.291764893789566465e-02 3.220917997012087697e-02 -5.483753566809735497e-02 5.231609578003382915e-02 5.853666086449639538e-02 4.584010909779271531e-02 -1.795385772597576576e-02 -5.325661829643519446e-02 -4.146147895280626050e-02 -4.742156828328421281e-02 -4.447613571032998231e-02 -6.833513316756814615e-02 -3.987949999704649973e-02 8.301060226203730089e-03 -4.071782748472432129e-02 7.601288753179408220e-02 1.583998067177574574e-03 -5.833519838570076776e-02 -3.252697349030205486e-03 1.389289948470627534e-02 -9.988870645500880219e-02 -6.269649935754915797e-03 -3.401213311215688095e-02 -8.422965215159172736e-02 -8.101625494880815292e-02 6.410810495975054202e-02 7.874166793053684332e-02 -4.648292253281793157e-02 -3.386350850507086063e-02 -3.294323413344263374e-02 3.663567119726184734e-02 1.616721307290304097e-02 -7.861059869559149094e-02 5.018793966903896397e-02
-2.341242508763963226e-02 -3.592892052197699596e-03 -3.867812499418690417e-03 -1.710262175147762766e-03 -2.020700850856974387e-02 -2.559161123885685118e-02 -8.995750241203640668e-03 8.361216822079723179e-03 -2.149197727673199734e-03 5.836540715088927612e-03 1.931958239346381195e-02 -1.216477487046831521e-02 9.803359570637000531e-03 -1.254843946233252794e-02 -1.111018836526166120e-02 2.515795688066528048e-04 -2.060691341817507197e-02 4.606372041809168177e-03 -3.109132090078857262e-03 -4.875240017899274379e-03 -3.399569772417716448e-03 -5.597388031355903133e-04 3.593271541565698848e-03 1.197728636170759808e-02 -1.066994557221947505e-02 -1.671519741501753184e-02 3.291891444752957641e-02 1.080727328503922405e-02 1.485775878901409233e-02 1.933903362332136137e-03 1.842988988771993150e-03 -2.745637053866533187e-02 3.653529665523921541e-04 1.436484699985139495e-02 6.198279340524878375e-03 -1.715597771222504911e-02 1.034877195657628660e-02 2.547326421815218622e-02 6.697086342013186533e-03 1.715742135427415424e-02 1.319411195865088059e-02 -1.877250593248026888e-03 1.309522588549651145e-02 -2.158442432715569279e-02 2.000483723974264688e-02 2.184872529375701464e-02 -2.633316163499014109e-02 -2.656848274222145534e-02 1.175998580507334537e-02 7.853087399086553649e-03
9.682575680245499375e-03 4.512628929230893919e-03 2.175464579778193727e-02 6.638521970730154771e-03 1.972613359100671218e-02 -1.433702943957492620e-02 1.668478644426586721e-02 1.658035003453061165e-02 1.334600699539342274e-02 -1.346333259946902450e-02 -3.581181781794508245e-02 1.872868387887521163e-02 -2.889027639586136051e-02 2.832039640711163028e-02 4.807961659246269039e-03 6.583323156736898933e-03 4.803746154859683121e-02 -3.391977156512480246e-02 1.284948286164838954e-03 -1.302650179473899749e-03 -4.162079519245880793e-02 3.050005222073967452e-03 -5.019037215780047106e-03 -1.636687282467007200e-03 -4.240975239382963231e-03 -4.110315400605179387e-02 1.321057729514808071e-02 -1.335232553535661490e-02 1.553954834024640769e-03 -2.373731052599230285e-02 3.689762819204712996e-02 2.634143880527177115e-02 -3.179070228243549481e-03 -4.918225480454293391e-02 1.776149452879486170e-03 -4.555325853182543537e-03 -3.765607474980244007e-02 -5.163419979997031783e-02 -2.385580973853979395e-02 -4.231577304824472169e-02 -4.013197900328842327e-02 1.764753475408342015e-02 1.230786626610287475e-02 2.810188604813437796e-02 8.458663449237253246e-03 -3.212500675144836816e-03 4.599270781130489899e-02 3.693550964756769223e-02 -3.294997156065101324e-02 1.348363808769716121e-02
-1.329905382276254031e-02 -6.154634115867766743e-03 3.006240672052779700e-02 1.345225245728759282e-02 -1.019079655860239200e-02 6.338324559879606433e-03 1.121775134791929904e-02 6.020455938902935511e-03 1.384062364268021615e-02 3.775578226029263802e-03 -5.259078166002710206e-03 -5.193203144222804241e-03 1.686216961635979283e-02 1.698741430567617464e-02 -1.149723417930803397e-02 1.443279843067370866e-02 2.518764093536208452e-03 1.114275049941406120e-03 3.201070962032880746e-02 -6.608761792808368323e-04 -1.988891427521435537e-02 3.348787728541368931e-03 1.233185362138159227e-02 -1.018233682615752971e-02 -1.055631183346025098e-02 4.498953427032174185e-02 2.322660628132385344e-02 3.449489595223735345e-04 1.481183852701940589e-03 6.086101663816532135e-03 -5.987691390078829501e-02 1.250854766759063735e-02 4.427581532916409664e-03 6.773488257584080185e-03 5.544174931968138750e-03 8.052392384988577706e-03 -1.822653354079765628e-02 6.913755365275391258e-03 -1.659481983544480732e-02 5.692236240788958040e-03 -2.088329972224756831e-02 -7.431316117157943759e-05 1.564740042576077007e-03 1.487699320916604888e-02 9.344174720487324545e-03 -2.444078658362486972e-02 1.793521178481087552e-02 1.040181230542826588e-02 -1.937125122138431271e-02 6.247165069487559640e-03
-1.893819080391161971e-03 -2.828219364017565268e-02 -1.528724391656345258e-02 1.543151488304014655e-02 -3.622155003976548077e-02 -7.766783547938059702e-03 7.361594056318568682e-03 -2.086839228599358248e-02 3.862514954245432203e-02 4.244575826866082112e-03 6.393623208099913358e-02 -1.931722170559352011e-02 3.738925873932118227e-02 -5.980537574625643255e-02 -6.271869390136344813e-02 4.209871588976880213e-02 -2.837461993652657180e-02 9.602703620138826335e-03 5.081881664859137782e-02 -2.494875071425520230e-02 -1.390467472580732972e-02 -3.439029686255391793e-02 8.709175994495216636e-03 5.657357973074492868e-02 3.597268011129422377e-02 6.074262781045185189e-02 -1.288435925858243992e-02 4.282940241792230346e-02 -2.191133092345608647e-03 -2.421198209364215995e-02 2.893494694734396327e-02 -6.704615453162031391e-02 2.934587548971587592e-02 6.151765097480108718e-02 1.555251322200247067e-02 -2.041122193474217625e-02 8.610518365126408613e-02 2.148535292919363446e-02 -3.694417743211195898e-03 6.084319578482393770e-02 8.131254791204220456e-02 -6.885259521543611594e-02 -1.595880702930605605e-02 2.777486336794355790e-02 3.043771719551343485e-02 1.693795212175560477e-02 -3.147984831377574622e-02 -2.071597080150322859e-02 7.530589893001320145e-02 -6.861206598211574970e-02
-3.656029899256439675e-02 1.325606266917263645e-02 1.501107700344652199e-02 -9.794942831907925418e-03 -2.719218984992162122e-02 2.219066046711126033e-02 -4.991495921275684172e-02 4.287409597720338340e-03 -2.689759652599076067e-02 1.327092247082126445e-03 7.954857102930959836e-03 -2.682114769569899498e-02 -2.238742355580451010e-02 2.828304593506977740e-03 2.875360031462633609e-02 -1.654176151339558504e-02 -2.146601881516638222e-02 -1.025525767661410875e-02 -2.889935571491377558e-02 1.134359237667777187e-02 1.918559027825229510e-02 1.729029963648308701e-02 3.983304479479512356e-02 2.836525268363161018e-02 -1.026495816724898487e-02 -4.429972069609562635e-02 5.567642248671439593e-03 -1.393252179006138937e-02 5.559681823339380526e-03 2.668275102738078622e-02 1.324647353718526877e-01 -3.446168302164941827e-02 -1.943347178934202307e-02 -7.120965541050416209e-03 6.890330811346928944e-03 -1.196711960990722891e-02 2.386382588536872101e-02 2.384367613705131242e-02 7.731019264017265948e-04 -1.016588764682339018e-02 1.050840922588589313e-02 -9.287562666330299171e-03 1.180802227249879571e-02 -3.119937631504286421e-02 -1.799089175951090747e-02 -3.491467028626681589e-03 -2.509567506831482733e-02 -1.613538953504005738e-02 4.191328477053972087e-03 5.744609361994992489e-03
-2.821771944138837598e-02 6.111216658678676056e-02 5.121928282942474556e-03 1.225094872561378195e-02 -1.533900784968743672e-02 4.123267348960392605e-03 -3.473822871012658547e-02 3.519338021420216622e-03 7.530227050013623899e-03 2.425523041695790138e-02 2.297597358195201458e-02 -2.795449880835300382e-02 8.316393207063043844e-03 8.295228540741403670e-04 2.615266145092051686e-02 5.594884026260366983e-04 -3.672073054379886708e-02 5.875417404538437437e-03 -5.171863374716723430e-03 2.119291596375594278e-02 1.250324951024899510e-02 6.801525457507647324e-03 1.539509919518548299e-02 1.524303838807592251e-02 -6.317482454881393102e-03 -3.784728929207850645e-02 -1.568269639259830747e-02 1.376774938214365106e-02 -7.082178975777869701e-03 -8.396791052457244081e-03 6.121861293735952891e-02 -1.749409280871661379e-02 1.492429153134931276e-02 1.664677746137011374e-02 -7.098012984403365144e-03 -3.703667027600218709e-02 1.138713287219451573e-02 2.358960846682543397e-02 -7.551925845394150648e-03 -7.182435750489792742e-03 8.539941397020038918e-03 -1.034671335327929688e-02 2.336389155795223771e-02 -5.270284586910652797e-02 2.645967275343268782e-02 -3.290270225987478817e-03 -2.495752525918897707e-02 -1.551273956423226616e-02 -1.084221328657341589e-02 4.571534376135229227e-03
2.944413230651928004e-02 -1.116967187771651313e-02 2.762868763491381843e-02 9.373023065905369128e-05 3.511909816988596778e-02 2.691784308765487327e-02 -1.248731228694111885e-02 -9.652048114661320247e-03 -6.741363372314884868e-03 -2.527119286533061407e-02 -5.551909451394272492e-03 -8.264202012770475655e-03 3.028502425287956171e-02 1.794312380391501621e-02 7.568936000150424878e-03 2.736264689577002501e-02 -8.926022323610524264e-03 1.705012839476436129e-02 1.955253676422743364e-02 8.820334382142911919e-03 -2.262807699981125506e-02 6.373718950320736605e-03 1.907415585669028010e-02 -2.630300882046395991e-02 -4.987710790914960494e-03 3.796115687653145443e-02 8.060103520029183663e-03 -1.040448466544663213e-02 3.680594260048021538e-02 1.680429045147202594e-02 -5.570917540097965193e-02 6.687531319899213400e-02 -1.809223815560113274e-02 1.767015960906207980e-02 1.319367119364700698e-02 2.518872152523206343e-02 -4.222859468392777677e-02 6.763562201842224231e-03 -1.284823578792311169e-02 -1.548162770652263334e-02 -4.210646758553884123e-02 -2.963237334207956090e-03 -9.031050009695314532e-03 3.642383180920370084e-02 4.413277902814226978e-04 -4.475237633711169616e-02 2.443899889519401524e-03 -5.172136301810530482e-03 -3.120880134222818805e-02 -1.016023779685169652e-02
2.910321750184629089e-02 1.283448589000457836e-02 3.142859821696083154e-03 1.912244446501280490e-02 1.898589733460391907e-02 2.297513276353014850e-03 1.416939200948548819e-02 -1.276831639101673813e-02 1.069548895755195739e-02 -1.907513567165188949e-03 -1.096276273191556898e-02 -1.133257792636980545e-02 -1.020763288000849089e-02 1.753828941329971247e-02 3.983278515829509351e-04 9.965754827141831002e-03 8.957303400444215774e-03 1.594237071854757992e-02 1.192524479867239535e-02 3.668677110506736970e-03 -2.359659155743906982e-03 6.268234867545425387e-03 -8.607081538059871764e-03 4.033507996430856640e-03 -7.470998910787376469e-03 9.188484578932717972e-03 -3.447513289836939832e-02 4.011192450383832889e-03 1.089234687775410965e-02 -3.263625685401051052e-03 -4.701772583996555004e-03 3.274215253113017116e-02 5.937391955558167511e-03 -3.116085205733077051e-03 5.743256302616389815e-03 2.708384778497942638e-02 -3.442753503807317178e-02 -2.314628971731389623e-02 -9.300108184731200461e-03 -2.218300102178938707e-02 -1.658716280447926350e-02 6.606715870419555860e-03 -1.669070973259265123e-02 2.812037040061327389e-02 9.174498118083389969e-03 -1.012908232856751800e-02 1.337890511616765532e-02 1.862377240297571554e-02 -2.036828064338392849e-02 2.384458872614190431e-03
-3.249657349625523391e-03 7.166539088932651590e-03 2.055900174380629469e-02 8.353460383962207567e-03 2.074058748479093439e-02 1.117546661443200029e-02 -2.734766900908989010e-02 8.006641338887595175e-03 -1.548032203582353633e-02 -3.640650384979077225e-02 -2.272029755676026677e-02 -9.745902117022552102e-03 -1.702048419116851397e-02 1.534018125382317736e-02 3.310469289121890923e-02 9.080937234660167029e-03 -9.185626183955656818e-03 1.970925489732896704e-02 -3.808570429555686171e-02 3.453425967153324339e-02 1.301669341325160760e-02 1.078809591704392792e-02 1.875129319462215741e-02 -5.011299646996878691e-04 -4.017899019027263569e-02 -2.881710433638645999e-02 2.411807972159953420e-02 -4.270291718890215082e-02 3.375626194196618829e-02 2.895635542244591465e-02 2.374899394415172157e-02 7.010584927258611820e-02 -2.086147264155716399e-02 -2.175172423945184383e-02 1.934996026923499826e-02 1.284871180462155912e-02 -3.940174740197911057e-02 -8.875638043116798256e-03 -4.462451840059896736e-03 -3.995593044544047678e-02 -5.004792945176254199e-02 1.205704047317310464e-02 1.818717842238298452e-02 1.053887100128732095e-02 -1.628358602266656227e-02 -2.052548333349693208e-02 3.011884720749264353e-03 5.023433957549374752e-03 -2.892335079820437110e-02 4.531005152841433709e-02
1.895785159983660179e-02 1.521229643025613643e-02 -2.763817229016822443e-03 2.490999997708653532e-02 4.772804519229527365e-02 2.299100289559964302e-02 -2.927775688753109576e-02 -1.289757941404227892e-02 -8.035537932501699704e-03 -3.065973150375809683e-02 -9.971721788079583593e-03 2.459356122490074376e-02 -6.613734137542333011e-03 3.030424598275354223e-02 3.095086295258788617e-02 1.169841973081516516e-02 1.424663335860431451e-02 4.126002945078574569e-02 -5.121993173282040485e-02 1.531379715504901928e-02 1.390252317691397822e-02 3.070608950791515329e-02 1.274734918880525078e-03 -2.555194746480164356e-03 -2.343135132867566264e-02 1.181964954754779768e-03 -6.724619780551256698e-03 -2.364321812185792362e-02 8.061885693352451379e-03 -9.444151018648420937e-03 -6.374274842431386368e-02 7.942503968371923684e-02 7.213687859268668248e-03 -1.000238984244268851e-03 1.186588040655772204e-02 2.733866766208210494e-02 -5.152762984176567640e-02 -1.025217464144117727e-02 -1.589466636770490819e-03 -4.664648818318090084e-02 -5.215403765118255958e-02 2.181708951772104790e-02 -7.151865438140454778e-03 4.172575412458676136e-03 -3.809471013202322086e-03 -8.964216001684177648e-03 1.145037843579539867e-02 -6.698968551116828846e-03 -2.858669536702044406e-02 3.062775033257005355e-02
-6.109728049154367763e-02 -2.777977776731477277e-02 9.724075383933010810e-03 2.044024997840526367e-02 -1.190902774483132559e-01 -5.181309207876785838e-02 -3.201773666016632242e-02 9.735277656253084333e-02 8.960039237556187419e-02 4.407478799127234614e-02 8.812529781835533316e-02 -1.262871232818680023e-01 2.757983029407660991e-02 -1.164631524079848129e-01 -1.217284335533742323e-01 5.772405451949413208e-02 -6.557378860420633171e-02 -8.209256373917386829e-02 1.397799524218541201e-01 -6.361074973027064372e-02 -9.355508302090508044e-02 -6.515661127457682278e-02 4.549563588957959703e-02 1.403963700221940447e-01 2.017705491234893234e-02 4.093693538549938310e-02 4.498996988921044604e-02 1.015629383833689531e-01 -1.247629463701756952e-02 -2.015512231780106425e-02 2.350589927198302731e-01 -1.598962114430583503e-01 2.160146526301556444e-02 7.031614792141402392e-02 1.571442643482342041e-02 -6.011157982941548600e-02 1.882244127920651156e-01 2.873705391401972647e-02 3.244296931011297902e-02 8.119655420605015328e-02 1.304520170028930226e-01 -1.842481473962832017e-01 -6.599412807633366074e-02 6.569739462620578785e-02 1.734331482576382394e-02 4.860131751018312990e-02 -3.165667206974841219e-02 3.493414937559110450e-02 1.374370154196875582e-01 -9.977357936012648532e-02
1.969195613947180915e-02 -5.131977928105899839e-02 2.679350449241533778e-03 1.023601584867929465e-04 -2.887715907498374437e-02 -3.403686040914167404e-02 4.375399092655916228e-02 2.750162104625383797e-02 4.031241953270855299e-02 -4.768339551098418547e-03 1.768554847561599336e-02 -3.634022697518608097e-02 3.027702777346924154e-02 -3.999044494345777023e-02 -8.270593833875460044e-02 3.392111485654735609e-02 -2.052906747212899802e-03 -2.971198664720473351e-02 5.283735752410297082e-02 -5.426367846719614557e-02 -2.957872575966372444e-02 -6.873108212933080885e-02 -2.449504261272518121e-02 3.255314801534102409e-02 -2.644193616921313491e-03 4.413388695592450339e-02 4.827530784902284849e-02 6.566339493493303370e-02 1.719948586014339448e-02 -2.245824467215328055e-03 2.726056807575370864e-03 -3.613613076845927086e-02 -4.988996776761766037e-05 2.455735318502785466e-02 6.702961726750543761e-03 6.944726134073015734e-03 5.375019091091230716e-02 5.684927787921126990e-03 -2.141460207925258586e-03 4.191451698394609016e-02 3.744863680162803521e-02 -4.386356409922162469e-02 -2.115785698257520789e-02 6.899810571883603638e-02 -2.179104123444728161e-02 2.880674405786549930e-02 1.062502460016204187e-02 5.468871443260327897e-02 6.355712276247789394e-02 -6.859161060552340650e-02
9.574224321648913336e-03 -1.230902409754521844e-02 -1.354834588059150233e-02 4.160452608854415917e-03 -1.695211936133052266e-02 2.142217422175113090e-03 5.601425130200119937e-03 1.172208781657568984e-02 4.535709054943356036e-03 2.148303355785528140e-02 2.200322212469266875e-02 7.977075713866736695e-03 2.083258653699734606e-02 -2.846763399096438607e-02 -3.316881586834509454e-02 1.889307302267642305e-02 -2.099680590477248296e-02 -5.790358175700234533e-03 3.864470383194223979e-02 -1.911417588520485447e-02 -2.894034016014743541e-02 -8.645072145178706036e-03 2.156165661907629219e-03 6.079040069150134368e-03 2.516955028770025138e-02 2.819885894279886007e-02 1.963511878702337704e-03 2.397752553755753968e-02 1.538811216234259142e-02 -1.355209565542402420e-02 -3.575397645486873277e-02 -3.901585810862697595e-02 7.174762191052674008e-03 2.450352604938955611e-02 -6.592242439586835576e-03 -3.985772263814167833e-03 3.380169371972826381e-02 5.403023884336389561e-03 -8.167893010833274887e-04 3.767418640537512770e-02 3.443763809255537267e-02 -1.815555581760074089e-03 -2.336663481673760187e-02 6.277486522653853013e-03 2.840463121637017488e-02 -1.862188322228566827e-03 -1.354468935168513105e-02 -4.672114769838655451e-02 3.349426042173316020e-02 -2.016140114925808052e-03
-7.623262787310822880e-03 1.412334916583690009e-02 -8.237379874599380300e-03 1.762942186786997309e-02 1.302802081461063716e-02 9.434263296918192314e-04 -3.819187574210765324e-02 2.385362395982009148e-03 -1.367618459310944272e-02 -4.051385789880093680e-02 -1.095792060520672621e-02 2.153989951027959066e-02 -2.506686867312105452e-02 1.942172762443536459e-04 2.163965095418344739e-02 5.246212391069481583e-03 -1.330669620456310497e-03 6.069016503457066829e-03 -6.285039779053071263e-02 1.378101783543306778e-02 1.139836832707854901e-02 3.483553334582146620e-03 3.076359162300524447e-03 1.711838230989858739e-02 -3.994511048898227029e-02 -5.095798645059856913e-02 1.401206915872397693e-02 -1.704907030600051610e-02 5.795065212867537251e-03 -6.090876588917939864e-03 6.417291437335238824e-02 2.267203454621084802e-02 1.116150438462761713e-02 -2.069218338116239619e-02 3.294041704862523540e-02 -1.463177510352770482e-04 -2.933875570696656450e-03 -6.542227318191726725e-03 -2.823846297075409927e-03 -1.476200252681749737e-02 -3.347829395047300510e-02 3.375007914870197662e-02 1.859792188487025336e-02 -2.476546198454119760e-02 -5.479113319166164717e-03 1.873496233695753910e-02 -1.724845798655860393e-02 -4.093640184511319891e-02 -1.495868788601074570e-02 4.184753053238821074e-02
-1.013615888779465825e-02 -1.711566785309374950e-02 -9.200083591451583415e-03 -1.157170267960266896e-02 -1.979129137571559657e-02 -1.840563236435772965e-02 3.061281478340556125e-02 -1.941071339107695642e-03 2.049759506066254136e-02 1.758811833708499861e-02 6.752186585871999651e-03 6.706349385553386430e-03 1.285010837352171600e-02 -2.332917847829641192e-02 -1.567220469830987381e-02 -2.340686595233907458e-02 -6.209953941441098517e-03 -1.517960896245700714e-02 9.910562371962441247e-03 -1.556597025289477472e-02 9.910700290879181570e-03 -2.618104186682905857e-02 -9.556796631001143044e-03 -1.382510839188967090e-02 2.307872755009460555e-02 3.871229114064894672e-02 -1.926963025533983851e-03 4.103958860269450032e-02 -3.827489839100502167e-02 4.165780538675392490e-03 -1.033205874123363233e-01 -9.151894904451260415e-02 8.583016059693936162e-03 3.825138459177946509e-02 -3.157155517827663072e-02 -2.083021917283649563e-02 3.759997397971522048e-02 3.978477928537662439e-02 1.273639033789193166e-02 4.706989281075172477e-02 6.764185084080295840e-02 1.142441938492147306e-02 2.415807717540162727e-02 -5.180913682470879300e-02 2.320751637846351148e-02 1.855983005122806631e-02 -1.788401301443515862e-02 -2.558707158848441340e-02 2.890737523481139160e-02 -3.126255616366086648e-02
2.050092543687682956e-01 7.516147162024576500e-02 -5.048095121225706916e-02 2.412524434460767281e-02 2.927959654708954806e-01 5.443271915726700938e-02 3.323568636514982744e-02 -1.335575971562810160e-01 -2.320536012256713132e-01 -1.342628874706832676e-01 -2.269085849145508205e-01 2.695564454202514781e-01 -1.226525438457857775e-01 2.293030791600337848e-01 2.533592860958235882e-01 -9.057101106002789226e-02 1.201407252416582944e-01 1.542870955757265072e-01 -3.021592444651755027e-01 1.354938831266828125e-01 9.675340021670453261e-02 1.417300931521175145e-01 -1.443775245602732793e-01 -2.704976667669627410e-01 -4.075140804464370131e-02 -1.860719445270029859e-01 -9.550963936329449899e-02 -1.737336043474891623e-01 3.061712556512266245e-02 -1.044793686655412501e-02 -3.862301339250149290e-01 3.432330299095414650e-01 -2.749578257113897625e-02 -1.266731816786198783e-01 -2.550562729339873880e-02 1.469687598038504628e-01 -4.208932092420883952e-01 -1.069931830616069890e-01 -3.248477972196753966e-02 -1.874227840210601070e-01 -2.591573173770657657e-01 3.898722264452381125e-01 7.616300694867710053e-02 -1.043587282842150105e-01 2.314059158888935738e-04 -3.627775790878028789e-02 1.182356463630743759e-01 -7.717376406150959489e-02 -2.867121456261468859e-01 2.204031331338276722e-01
3.216153319555889456e-02 -9.276548710635105360e-03 -4.849610717638783326e-03 3.409014362241838403e-02 1.226952079185276078e-03 -7.835409854260522774e-04 4.449737724332256117e-02 -2.208112162802487038e-02 4.212588164501990251e-02 2.527908708007321759e-02 -1.350134342520802923e-02 1.685596325501231363e-03 1.058992419291761126e-02 2.747974576850879813e-02 -3.426920907711709929e-02 1.581852797444407641e-02 2.756202950203124127e-02 2.500253592241769539e-03 1.641442776808443513e-02 -1.925856225130198607e-02 7.018459978601725158e-03 -1.010053029526838085e-02 -1.257437319901021783e-02 1.186477726517136573e-02 -1.057844806167485040e-03 9.536093185724842450e-03 -2.295257091115669723e-02 1.840697244840172955e-03 -1.753186615079303790e-02 -1.045848016608184883e-02 1.057366957870993218e-01 3.708309597332393182e-02 8.601587203126649997e-03 -3.567026002492182379e-02 7.643728281843161464e-03 3.382666441286628911e-02 -1.180443411547842450e-02 -5.337338119556082894e-02 -4.046844429339672977e-02 -1.728019077245317864e-02 -3.700514914633347419e-02 -1.902819870493966878e-02 -5.204564627703034407e-02 7.666519982711200720e-02 -4.529589527779573355e-02 1.328582836891921762e-02 2.849261845581725974e-02 6.682447851327895372e-02 6.450943402483430913e-03 -2.251305709339921496e-02
9.015775585414676982e-03 3.017403119432720063e-02 -1.744943374260159163e-02 -7.547263789449379368e-03 7.728029192980358231e-03 3.286693619206223355e-02 -5.189651304994965381e-02 1.801392650489722080e-02 -2.807216709520996001e-02 -7.903293941436363365e-03 2.650938692594870458e-06 1.549632868416813032e-02 -3.157246379344384041e-02 -2.427504041900177892e-02 2.804632865626432645e-02 -1.142392278785486770e-02 -3.138107188737954134e-02 -6.246818564606389755e-03 -1.342414460048242837e-02 2.460347142607075335e-02 -1.640589440973849733e-02 2.563357445410392732e-02 5.142457287887881520e-03 1.322808908932917096e-02 8.140419999334909396e-03 -3.413819191179914142e-02 4.064958733891433328e-03 -3.978904129607122898e-03 6.703731406383100881e-03 2.329086128614506809e-03 9.762076998781225867e-02 -5.555637074804726204e-03 3.125952305057298417e-03 1.087048100845447278e-02 1.312355417282368673e-02 -3.393180440624699035e-03 -7.281915868231223811e-03 1.000897953199196902e-02 2.180979088935067894e-02 6.466993497966790939e-03 -1.237035513633391766e-02 2.123800270774951066e-02 -5.140436647278722598e-02 -2.053139315832976097e-02 -6.212236908169262335e-03 -5.641468399849369937e-03 -1.891440138238667870e-02 -5.355354575514138793e-02 -1.064601430356579802e-02 2.283471971750632851e-02
2.045401209209529551e-03 -3.977747940578092202e-03 -2.709432146544247036e-02 4.274155103797929421e-03 -3.520245651009609039e-02 -1.338523188714009688e-04 1.879487182662005311e-03 -2.160333232337312628e-02 3.377439771243133382e-02 5.306249023178245816e-02 2.211747885056355306e-02 -2.806550402347627107e-02 -1.393583101037478185e-02 -2.740362025139516169e-02 -1.665713171941106407e-02 -3.495765579837726515e-03 -5.658166737801844856e-03 3.707150059654513302e-03 -5.118764004191056829e-03 -1.890558701435316943e-02 5.204873130258124217e-03 -1.530171891784477302e-02 2.524492444416695167e-02 3.176846711307349663e-02 1.398326888585431534e-02 -3.581192986961034136e-02 -4.686609576217989903e-02 1.551310366400229269e-02 -4.581451294872979779e-02 -1.792332150163526705e-02 1.943323884686412317e-01 -5.771791930758931460e-02 2.587250373454109964e-02 -5.574225439680500702e-03 1.862391801738431940e-02 2.616556962641893307e-04 5.680958523690194523e-02 4.231516833077648802e-03 -1.519770149585265850e-02 1.575947620031656338e-02 3.011010644426963603e-02 -2.247893847161894568e-02 -3.296371510896619478e-02 -1.105790962557077518e-02 -3.981424947413409604e-02 2.458272716538636993e-02 -2.092774335528649939e-03 -2.639084034259978409e-03 2.467525166406493026e-02 -3.531109235752824538e-02
-5.998590636827752683e-03 1.395933011544269950e-02 -1.323065819379693961e-02 -1.464329052934829761e-02 6.022085510225685424e-03 -7.739354590615960157e-03 -2.579538828276003656e-02 3.865460210781149208e-02 -5.484490694861884896e-02 -2.394495606572501559e-02 -5.937499117420481920e-03 2.124381671397947927e-03 -1.633115975774568004e-02 8.567473824343984495e-03 2.653270848947223912e-02 -1.885064731237881541e-02 -9.044934531134349309e-04 9.553456478521777859e-03 -3.648689215987856171e-02 3.002284722937056255e-02 7.543598049496052539e-03 1.679942304858277405e-02 -1.946709463212623753e-02 -3.719254879598329466e-03 -3.026190586281673339e-02 -3.739436120861629187e-02 2.896033701955898904e-02 -2.874351394095225887e-02 1.409777034461162301e-02 3.026746990649235164e-02 -3.022542329489353446e-02 1.696163733486255945e-02 -1.708984416556106473e-02 -1.717928901981133349e-02 1.060040271889310833e-02 -2.381399183063112168e-03 -3.386771402599055014e-02 3.357279914842016544e-02 4.075400273483679309e-02 -8.960069784194633902e-03 -2.362062274269438253e-02 2.201943686883418502e-02 2.432079260047647837e-02 -3.134074969164327151e-02 -2.657002050599437115e-02 -4.174018046816268569e-04 -6.224565647237913918e-03 -1.269867112350490067e-02 -3.202422100145798506e-02 4.306782829357484049e-02
1.167734644287026294e-02 1.294782829449798523e-03 2.182745783080387511e-02 1.925819947983371805e-02 4.648105125166502628e-03 5.820102493910697672e-03 7.294817377413810588e-03 2.028680344100816657e-02 -2.141564804365492236e-02 -7.731448481576532264e-03 -2.251253812997221909e-02 3.052490405288246691e-03 -1.880834836439654670e-02 1.726023221753489323e-02 -3.875339722256579845e-03 1.796600846541310595e-02 8.616875527542873503e-03 -1.990509241635058865e-02 1.608075251789763474e-02 3.356167671765974622e-03 -4.109664019282640440e-02 1.531894109165349641e-02 7.152825127529005393e-03 2.970159326585420159e-02 -2.238989229124393326e-03 9.010526431191953275e-03 4.897925752887334616e-02 -1.808364063662919879e-02 5.093206283374411558e-02 -2.467960043841395303e-03 -3.380818143535963688e-02 3.234692629029770755e-02 -1.463223151202423973e-02 -2.009434234262425997e-02 1.590245303765660048e-02 4.917422507105328501e-03 -4.666950088771856103e-02 -3.981309524872654604e-02 -1.800552203704196058e-03 -1.726402874024104972e-02 -3.005336218587106520e-02 -3.007829333061467787e-03 3.510000719447313022e-03 5.523020813324439754e-02 3.620283575171306598e-03 -1.163249261445739070e-02 4.404643831124577247e-02 4.002931931969791468e-02 -1.830713037705764337e-02 2.628407871363744666e-02
3.618251116978088433e-02 1.760150433489593002e-03 -1.002634234610229498e-02 2.516248768723603011e-03 3.221012923748097639e-02 -7.833497471335957923e-04 -3.694758711252182828e-03 4.975329931316082969e-03 -3.090374784765067065e-02 6.002676441819565500e-03 -2.982515264932100729e-02 8.437624251601884631e-03 -2.003101324265800856e-02 3.657452317237615269e-02 2.738487585355476456e-02 -7.193115544441431100e-03 1.710273339605311235e-02 1.168172230556327809e-02 -2.477035872321796048e-02 -4.622732666670382150e-03 1.408929022338435873e-02 1.537239133665740075e-02 -2.004224927573805895e-02 -1.085627248656396808e-02 6.406259746360326926e-03 -1.987214879381915197e-02 -2.958559047543317388e-02 2.015739141810984729e-03 2.536933276150868041e-02 -1.177520507581265689e-02 9.346292538506715750e-03 2.541075421696807612e-02 -1.173582046538411590e-02 -8.745201845447390238e-03 -2.021399835776106421e-02 1.983778167767263553e-02 -3.533669044224446026e-02 -3.100923317668506304e-03 1.578532155254283717e-03 -3.090610813039378416e-02 -1.597951208066166959e-02 2.423456565431289511e-02 3.853228115312024894e-04 -5.888222741871172380e-03 2.014890071822817309e-03 -4.300047860587633691e-03 3.000640292074784055e-02 2.593766243397392472e-03 -2.778337811010453753e-02 1.486242966199036349e-02
-1.425724465772762808e-02 1.002114355866875681e-02 -7.781824317088905166e-03 1.357275855019308801e-02 -1.675628145851405792e-02 -3.541970333884175010e-02 2.534902691244896034e-02 1.729643310254887212e-02 1.347260825478408322e-02 -2.563765932982008458e-02 -2.345513407695075728e-02 1.894548591572951671e-03 -9.201141532323927480e-03 2.751987754276261997e-05 -6.264848935318418147e-03 -2.687775421584527938e-02 2.189911740027400411e-02 -2.151368479928465749e-02 -3.186542500000082850e-02 1.120121262155066022e-02 -9.219690700927467980e-03 -9.067862990536202858e-03 -2.390525048100621344e-02 -1.131383784078004127e-02 -4.408913086922806868e-02 -2.039425071144170942e-03 4.804519802984262566e-03 -1.184065217325199273e-02 -3.730516357703861363e-02 -4.826021686284594041e-03 -4.546534679165045723e-02 2.830046632850308913e-02 8.816623689223795869e-04 -3.390213395950706504e-02 -1.675628520710521329e-03 -1.721061368573628073e-03 -1.143194555724320882e-02 -1.505228177483679958e-02 -1.377256012149123340e-02 -3.065477041939346572e-02 -2.532111917201688642e-02 1.240600831058167718e-03 3.353830570010798290e-02 -7.105028876660776302e-03 -2.334285716246857489e-02 2.401157382850326386e-02 2.622911723988559374e-02 5.516845605302147376e-02 -3.463809219023961800e-02 -1.702395381504244855e-03
6.744147153864084483e-03 -1.930545073039090058e-03 -3.590048578388715245e-02 -2.259504871317909516e-02 -1.455846821224534952e-02 -8.341569967526546794e-03 9.452001443513165235e-03 2.457713649097055877e-03 6.069705443525041239e-03 1.074703080015189990e-03 1.724883695777131715e-02 1.205899879727273180e-02 2.064212551161903175e-03 -1.859385927625614374e-02 -2.051195784429087760e-02 -3.973891329273722341e-04 1.084541127554951257e-03 -1.944492700302063006e-03 -3.264070790302357056e-02 -1.754923863679941614e-03 1.113670978442698155e-03 -1.050629067748094780e-02 -1.100623822583014430e-02 -1.909731387907661129e-02 1.838386197834945834e-02 -3.756037499873177143e-02 -1.721416055916413432e-02 1.380074513335410522e-02 -1.909767658378680455e-02 7.868734930643089126e-03 6.049548495678826882e-02 -4.817571531999800816e-02 4.000801790962049665e-05 1.193348076186590782e-03 8.867556838334964345e-03 -1.672414007925979162e-02 3.716345690971521037e-02 2.292238771537834230e-02 -1.741476572517163326e-02 1.863920835687849636e-02 3.776305702696827749e-02 2.137047880285385375e-03 7.717348659482852619e-03 -2.802868021702961676e-02 -2.925158345268805051e-03 2.181050307451435147e-02 -1.146434390757832857e-02 -1.934608428380278286e-02 7.578390914574319875e-03 -3.576146816548218810e-02
-2.379578278453032061e-02 -2.857607088277448575e-03 -9.404227567017612796e-03 -1.104569525102255118e-02 -3.458436766764644288e-02 1.854711911839956526e-02 -5.548689358990329529e-02 1.331488613944303498e-02 9.164246298223271622e-03 -5.395232277016696713e-03 5.041984829608014279e-02 -1.157298852758478422e-02 -5.195780717537505644e-03 -3.742027423856122276e-02 7.940577049086247965e-03 6.392325097062339853e-03 -2.641883321761033174e-02 -2.535650888306292469e-02 -2.269869394056820474e-03 -3.005948339874875766e-02 -8.017526288293925704e-03 -1.528362309033965555e-02 1.121578853093590893e-02 4.244762720687443591e-02 4.832989597242689540e-03 -4.722839654359922007e-02 3.417363827284276151e-02 3.604524905318436112e-02 1.206519884253421868e-02 2.913234162691322876e-03 1.341799328033493888e-01 -1.023680029389817531e-01 -1.169125682933041307e-03 2.412297146310412449e-02 6.271279491766950341e-03 -4.051737571800054227e-02 6.765673480368411541e-02 1.869120450890723525e-02 2.185113010458265143e-02 2.934963832234815939e-02 8.282666405055692793e-02 -3.130030101660292302e-02 2.060336563829402723e-02 -2.799597534977707816e-02 2.309957899074872520e-02 2.118443975835770238e-02 -4.030544830869745715e-02 -4.385863350025834967e-02 4.168128752321210301e-02 -2.120103222524702749e-02
4.691325292655179266e-03 1.321984893719614293e-02 -3.653601829141031251e-03 8.208335216732403922e-04 1.350706688664246591e-02 1.958238269834926618e-02 -1.797553299074045041e-02 -2.162665337382982042e-02 5.540316957677092133e-03 -2.787316247431135749e-02 -1.080559556912360011e-02 1.657654854668052374e-02 -6.153050046573576778e-03 -1.136544390888020138e-02 2.391162745900909936e-02 3.732946112143411752e-03 -9.544383383465146822e-03 -4.803361693410796579e-03 -2.975981567398063368e-03 1.422748092954899228e-02 -8.775189132419545027e-03 -8.760623173928059823e-03 2.099059556841526789e-03 9.504593798337184971e-03 1.582028505366133916e-02 -1.063537025677478839e-03 -6.881945477105190848e-03 -8.427352137300756635e-03 6.615550260648559583e-03 -1.126996293682385429e-02 6.574340959239230280e-03 1.494056215315875749e-02 -9.237653301671557710e-03 3.035314277185703277e-02 7.451573702190146704e-03 5.352018586972265984e-03 3.762378942046780677e-03 -2.882734451485331837e-03 3.054320127313601627e-03 -9.553047029552770228e-03 1.355566182918667428e-02 -4.683447171758847033e-03 -3.657060854889898627e-02 1.038180913763104944e-02 -9.048729586439409334e-03 -2.936334571273899359e-03 2.911615353254458447e-03 -1.562904278451631573e-02 1.312139047563289605e-02 1.444889402345088912e-02
-1.252134050359853239e-03 2.670248264371335306e-02 2.088069844592521998e-02 -1.623072115979726920e-02 1.550412471860780107e-02 5.216980930163681029e-02 -7.547006752252204305e-03 -1.603793334239565424e-02 -1.843813452230220334e-02 2.249913670362737109e-02 -2.626183047874042220e-03 1.505208183699175382e-02 6.910397712436259707e-03 9.769199769140918602e-04 3.923037757349374238e-02 -6.451899894558768729e-03 -2.599761447985017050e-03 2.524050127395034097e-03 1.722891961432959293e-02 2.081436008185694533e-02 -7.267250899770771183e-03 4.005939746938309148e-02 1.519075995117832867e-02 -1.522638743914700096e-02 3.065094221676008604e-02 -2.525705510866839334e-03 -1.798693655583286739e-03 -1.700809609367552946e-02 2.432991719019579960e-02 1.534231437025006077e-02 -5.472837281758534400e-02 3.551370814450521135e-02 -1.678272784897335765e-02 -2.411690047145012474e-03 -2.131210329141815241e-02 1.102683611796913266e-02 -4.060307664722978549e-02 3.664311858848805833e-03 2.085397880211583427e-03 -9.289026203430016462e-03 -3.407949903304979822e-02 4.026287018218809022e-02 -1.043798559729126711e-02 -1.008361378355111110e-02 8.823618710402224979e-03 -6.570965537884571050e-02 -2.228428150888267772e-03 -3.595341768585864212e-02 -3.399831516181506252e-02 2.264332285464232958e-02
-3.422781603894991392e-02 1.709804374714449238e-02 -1.389327373884703676e-02 -1.634087381422238971e-02 -3.022815993054998873e-02 -8.129262398138256684e-03 -6.950601366764803252e-03 -1.131329956286168843e-02 3.556634121991540925e-03 4.580808634756271952e-02 1.911304009463052692e-02 -1.591864123509603365e-02 -1.953905770079560414e-02 7.272711174268695240e-03 -1.457071108573366764e-03 -1.658176305519261720e-02 -1.233640564351528874e-03 1.056173037853396120e-02 -3.686139058010680369e-02 1.010115469829721627e-02 3.758939198988137803e-02 7.339158755117924926e-03 1.096695588452445587e-02 2.036327721374814673e-02 -1.315699663114787074e-02 -3.012386982533945406e-02 -1.009118224538386489e-02 -2.520105561665007821e-03 -2.180925857372967985e-02 1.661421830232448840e-02 1.076471591457995869e-01 -4.553782566709424495e-02 9.401775127090112108e-03 -1.872547065975289915e-02 -1.190187005421095533e-02 -2.759714825899017149e-02 3.403993700419071650e-02 2.589534322777735029e-02 -1.243440490368797387e-03 -3.743171802183781639e-03 2.325973350579244037e-02 -1.288360954424317383e-02 2.551772032559539508e-02 -4.540201702504876452e-02 -1.843391592114017319e-02 2.633850909109151234e-02 -1.244669629779724535e-02 -7.876842288880704299e-03 -2.530815607486302642e-03 -3.712168418220814490e-04
3.634726594095127883e-02 -3.905366076484902832e-02 -3.343977533078908854e-02 1.425712358029111032e-02 6.171162075359287388e-03 -2.031914528654453142e-02 2.462736792374163944e-02 -1.946414290138107376e-03 2.884366635513618479e-02 -2.617912080278050890e-02 -1.478549032047156431e-02 3.719743494251496335e-02 1.185943363935508879e-02 -2.138517724969176900e-02 -3.577881088620782357e-02 2.880427952182627177e-02 1.176392248071620947e-02 1.426822054850478486e-02 -1.330705872113880674e-02 -2.073478895173198541e-02 3.246522269979492531e-02 -1.836540987702688088e-02 -2.394148295336614649e-02 2.547477229809303606e-02 -7.907563033972983546e-03 1.322933514445558296e-02 -1.291281705412027601e-02 1.748651615198893589e-02 -5.216339485284297514e-03 -5.224432828369591879e-03 3.044767898413425558e-03 -3.542168842365110010e-03 2.600093713517535182e-02 -1.648051880543162720e-02 7.830518592328878508e-03 1.243404510432499950e-02 -7.599076496869392600e-03 -2.643937880492968837e-02 -2.227448211322991586e-03 4.195067453087827046e-03 1.554522431708700754e-02 -1.342868190724826744e-02 -3.999028323354129021e-03 3.043208808567075818e-02 -1.804543233799920862e-02 4.302259366235602206e-02 1.413751779112170856e-02 2.623146400258582339e-02 1.636279477649322384e-02 -1.311455110683443052e-02
1.327757721552746441e-02 -3.303823342567382276e-02 9.602447551302689330e-04 -2.238266482763741697e-02 -3.043842804232417196e-02 7.708234111797465822e-03 1.081537208116657538e-02 2.062574119624376121e-03 1.435644201211919505e-02 -5.981255089221777961e-03 9.913124402140888886e-03 -1.332378423986425517e-02 2.547591605322568203e-02 -3.442972833720481241e-02 -4.116646471446646499e-02 3.686312723803592678e-02 -7.367190182965521229e-03 -2.416806995106695125e-02 3.464082830905080429e-02 -2.497402054292445148e-02 -9.203859806503032759e-03 -2.806794690618761093e-02 1.489531608686604433e-02 7.031675865619625709e-03 1.368284022773741393e-02 4.827209299333385176e-03 2.204210073215442586e-02 2.698964724216644170e-02 2.626431030901917041e-02 9.356608620983758104e-03 3.351810852174381267e-02 -2.249674775208735863e-02 -3.476134469902552714e-03 6.036437010467380834e-03 -1.729971691063778537e-03 2.307353922588274220e-04 4.213710742393715625e-02 -5.943575919081982815e-03 6.336297435172695905e-03 2.996410008036154080e-02 2.297245036343363578e-02 -5.622201078778212707e-02 1.394782882984962370e-02 4.743531961961632015e-02 2.282458686597502173e-02 1.992620297795167500e-02 -1.361054021689380063e-02 1.258962900088742183e-02 2.990080977720411398e-02 -3.630309617285689544e-02
1.293013979603894505e-02 6.377707435707094356e-03 1.077864511238183073e-03 1.596482159944154905e-02 1.996899626050448184e-02 -5.980802806400862225e-03 -1.702482008431376731e-02 2.376367235158020549e-02 2.324303913089962800e-03 -2.676878618193178141e-02 3.741891205625520311e-03 -7.558080768879884247e-03 -1.104068177694301350e-02 -2.708883646829181400e-03 -1.369133318157513338e-02 2.504156663749832271e-02 -1.205949226784620680e-02 2.744843841147415458e-03 -2.623893122073890638e-02 -3.181535426581593492e-03 -4.558636302844278759e-02 -3.835129737159217837e-03 1.292309862299643140e-02 1.302257859390020152e-02 -1.699620492486235770e-02 -5.820224511109006044e-02 4.322885750660102923e-03 -1.374952573632913684e-02 3.056274462161376326e-02 -9.011366220138093339e-03 1.419746016274792133e-01 4.327062504753143718e-02 -1.681646820262849840e-02 -1.999297369977562355e-02 3.399074401632479203e-02 7.793265945233667120e-03 -6.775769406918675901e-03 -2.820911710118823718e-02 -1.188512798196492658e-02 -7.162862116242233596e-03 -3.842638250653449689e-02 -1.953875817645987084e-02 -2.735257873862856348e-02 6.706788435475825871e-02 -9.022642112804428113e-03 1.069805538319228838e-02 8.803819935439020569e-03 2.189451165680851921e-02 -3.245839142809411361e-03 -2.099887033665168157e-02
7.311689710184318160e-03 2.704345134331763521e-03 -1.561875655138662659e-02 7.101874947549947567e-03 2.172484157251312886e-02 1.274816000823969162e-02 -3.171917843006599041e-02 4.500731068176311300e-02 -2.151350888825752372e-02 -5.405872419038813825e-02 -1.570417154611731397e-02 2.832143281582713557e-02 -4.632108488194924129e-02 -5.227338259298879020e-03 2.334623237652498975e-02 3.328493738082679253e-03 -3.860915953314191396e-03 1.990777464984272438e-03 -1.810704976472851321e-02 6.869067331999942697e-03 -1.052474450721741688e-03 3.182793622273576151e-02 -5.878127172217251228e-03 -1.165596152700906687e-03 -1.386122832611608700e-02 -3.842487482149021388e-02 3.008794546976319151e-02 -9.509595964908180293e-03 3.812546078738958399e-02 -4.393333684432348821e-04 6.523504761287763146e-03 2.520753533487298664e-02 -5.758995335553871407e-03 -1.725351009879356676e-02 1.080907803594789891e-02 1.123946103263145056e-02 -2.190132795892638443e-02 -2.478843925111415616e-02 2.225254174806397256e-02 -1.049745030337696609e-02 -1.801172831859962006e-02 1.542395450609950619e-02 -8.574437781500159365e-04 -5.776641228624506373e-03 8.492881368627325581e-03 2.124913429317275629e-02 9.295780897282487909e-03 -1.658532136624545419e-02 -2.373997684126411337e-02 3.367851271046937850e-02
5.699939212731507110e-02 -3.895632327051057331e-02 -1.137851964411340337e-02 7.152197834456953951e-03 -2.812249592232164089e-03 -4.003422888512627592e-02 4.990055155947104026e-02 1.587616689552320826e-02 3.755507215813422978e-02 2.110469978279354893e-03 -3.137762453463955464e-02 2.832548162547802312e-02 1.159990884687371257e-02 -8.743136909524945252e-03 -4.358658448568910465e-02 2.389539901670521133e-02 1.176543534263912658e-02 -1.152885554717657073e-02 5.468368567523771567e-02 -3.332455589766121495e-02 -1.011875825457057496e-02 -2.598769044209537846e-02 -5.786296394695623901e-02 2.986589495263588731e-02 5.698241796525527203e-02 5.855969958490120364e-02 -4.688512349738251095e-03 4.879788380667238190e-02 1.614406934796666637e-02 -5.214247660235896142e-02 -1.293943473016124779e-01 -4.282472326159141723e-02 3.230539771715271180e-02 3.705511375807363228e-02 -2.918840498975471681e-02 2.575852811787273516e-02 2.156598134064321298e-02 -2.803364348241137172e-02 -2.216171775564196485e-03 2.487884326537160087e-02 6.217032736623562955e-02 -2.593882654561788931e-02 -1.891685950515529374e-02 3.783658861860588613e-02 4.409955033000510782e-02 3.386011090763296066e-02 4.352177898892078262e-02 3.345359274888800444e-02 2.461253698100387619e-02 -2.716721306100989414e-02
-6.757675058244778672e-04 7.011570724129246972e-03 -1.205452930209476806e-03 -1.350860307651593865e-02 -2.501455588159084888e-03 -2.843251975853972047e-02 3.062395041220560346e-02 8.797308751603836671e-03 9.178903545334514066e-03 1.948652947968656721e-02 2.801843402287967954e-04 1.853430993856774317e-02 2.138915192100394533e-03 1.225097795104917661e-02 -6.079245275173342927e-03 -3.103315402337377110e-03 1.439117652231057531e-02 3.452603599666240978e-03 -1.235409248932860075e-02 -5.838755309502761254e-03 3.661902174472579652e-02 6.629658164494653221e-03 5.504391587214775908e-03 -8.820359631975012091e-03 3.017058970165188356e-02 2.770826132312420240e-03 1.035560492278188652e-02 2.007249140127480638e-02 -1.531724264891845023e-02 -1.149346461010117976e-03 -3.270079573384013227e-02 -2.372208294321417887e-02 3.464711946004956755e-03 -7.633754672019751886e-04 -2.061143027949010470e-02 -1.911701051596610343e-02 3.374419947778038720e-02 3.693344846085552802e-02 8.156668514096659614e-05 1.977599647866774141e-03 4.013095102182061974e-02 1.366684649509735013e-02 2.491796312053876084e-02 -3.667156333792138262e-02 2.213574674131655717e-03 2.131980323017549500e-02 7.074997712324894786e-03 -5.238973273660222155e-03 3.918689398434516656e-03 2.661092418482861183e-02
2.526840608937451840e-02 2.905778783075793972e-02 3.356740569231061577e-03 1.555190382284473045e-02 4.500427278505226419e-02 1.991678368646275857e-02 -2.344024921423578170e-02 6.388118803966961502e-03 -3.434188974384452808e-02 -9.115677737912830647e-03 -3.273892439691254708e-02 2.045672481954066702e-02 -2.466013134086102176e-02 4.459715010488898845e-02 4.521356382239280491e-02 1.941652808917774392e-02 1.335366280605996929e-02 2.334289390216868695e-02 -3.710587413891965058e-02 1.777228879368168701e-02 7.286518023167122809e-04 3.838724167858046515e-02 -4.403122208833781630e-03 -2.931861796912751950e-02 9.943537665010056259e-03 -6.023111347485984868e-02 -2.742048644388565132e-02 -1.007360657015177706e-02 2.707865961558498721e-02 -1.053338167013908797e-02 3.345680101125737826e-02 6.733337745333714541e-02 1.644116956513431115e-03 6.827223538520893996e-03 8.033792013994154463e-03 2.221009161247182451e-02 -5.155301173046499680e-02 -1.971689850957640544e-02 -1.405280512232129006e-02 -4.764583064862513984e-02 -6.267675036652479992e-02 5.917848266744732411e-02 -2.013154990689092899e-02 -1.900092033534169292e-02 1.142186495764803064e-02 -2.302517322214637369e-02 4.982781354222880557e-03 -2.739038962611574021e-02 -5.661959274057946911e-02 4.308292948220777269e-02
-0.860517